0;0;0;0;0;0;0;0;0;0;950;0.0
0;0;0;0;0;0;0;0;0;0;900;0.0
0;0;0;0;0;0;0;0;0;0;850;0.0
0;0;0;0;0;0;0;0;0;0;800;0.0
0;0;0;0;0;0;0;0;0;0;760;0.0
0;0;0;0;0;0;0;0;0;0;720;0.0
0;0;0;0;0;0;0;0;0;0;680;0.0
0;0;0;0;0;0;0;0;0;0;640;0.0
0;0;0;0;0;0;0;0;0;0;600;0.0
0;0;0;0;0;0;0;0;0;0;570;0.0
0;0;0;0;0;0;0;0;0;0;540;0.0
0;0;0;0;0;0;0;0;0;0;510;0.0
0;0;0;0;0;0;0;0;0;0;480;0.0
0;0;0;0;0;0;0;0;0;0;450;0.0
0;0;0;0;0;0;0;0;0;0;420;0.0
0;0;0;0;0;0;0;0;0;0;390;0.0
0;0;0;0;0;0;0;0;0;0;370;0.0
0;0;0;0;0;0;0;0;0;0;350;0.0
0;0;0;0;0;0;0;0;0;0;330;0.0
0;0;0;0;0;0;0;0;0;0;310;0.0
0;0;0;0;0;0;0;0;0;0;290;0.0
0;0;0;0;0;0;0;0;0;0;270;0.0
0;0;0;0;0;0;0;0;0;0;250;0.0
0;0;0;0;0;0;0;0;0;0;230;0.0
0;0;0;0;0;0;0;0;0;0;210;0.0
0;0;0;0;0;0;0;0;0;0;190;0.0
0;0;0;0;0;0;0;0;0;0;180;0.0
0;0;0;0;0;0;0;0;0;0;170;0.0
0;0;0;0;0;0;0;0;0;0;160;0.0
0;0;0;0;0;0;0;0;0;0;150;0.0
0;0;0;0;0;0;0;0;0;0;140;0.0
0;0;0;0;0;0;0;0;0;0;130;0.0
0;0;0;0;0;0;0;0;0;0;120;0.0
0;0;0;0;0;0;0;0;0;0;110;0.0
0;0;0;0;0;0;0;0;0;0;100;0.0
0;100;0;0;0;0;0;0;0;0;91;1.0
0;-600;0;0;0;0;0;0;0;0;81;1.0
0;0;0;0;0;0;0;0;0;0;71;1.0
0;0;0;0;0;0;0;0;0;0;61;1.0
0;100;0;0;0;0;0;0;0;0;52;1.85
0;-960;0;0;0;0;0;0;0;0;42;1.85
0;0;0;0;0;0;0;0;0;0;32;1.85
0;100;0;0;0;0;0;0;0;0;23;2.6
0;100;100;0;100;0;100;0;100;100;19;6.349999999999999
0;100;100;0;100;0;100;0;100;100;15;-71.9
0;100;100;0;100;0;100;0;100;100;15;-68.15000000000003
0;100;100;0;100;0;100;0;100;100;15;-64.40000000000006
0;100;100;0;100;0;100;0;100;100;15;-60.650000000000055
0;100;100;0;100;0;100;0;100;100;15;-56.90000000000005
0;100;100;0;100;0;100;0;100;100;15;-53.15000000000004
0;100;100;0;100;0;100;0;100;100;15;-49.400000000000034
0;100;100;0;100;0;100;0;100;100;15;-45.65000000000003
0;100;100;0;100;0;100;0;100;100;15;-41.90000000000002
0;100;100;0;100;0;100;0;100;100;15;-38.15000000000001
0;100;100;0;100;0;100;0;100;100;15;-34.400000000000006
0;100;100;0;100;0;100;0;100;100;15;-30.65
0;100;100;0;100;0;100;0;100;100;15;-26.89999999999999
0;100;100;0;100;0;100;0;100;100;15;-23.149999999999984
0;100;100;0;100;0;100;0;100;100;15;-19.399999999999977
0;100;100;0;100;0;100;0;100;100;15;-15.649999999999972
0;100;100;0;100;0;100;0;100;100;15;-11.899999999999974
0;100;100;0;100;0;100;0;100;100;15;-8.149999999999975
0;100;100;0;100;0;100;0;100;100;15;-4.399999999999977
0;100;100;0;100;0;100;0;100;100;15;-0.6499999999999769
0;100;100;0;100;0;100;0;100;100;15;3.1000000000000236
0;100;100;0;100;0;100;0;100;100;15;6.850000000000022
0;100;100;0;100;0;100;0;100;100;15;10.600000000000021
0;100;100;0;100;0;100;0;100;100;15;14.35000000000002
0;100;100;0;100;0;100;0;100;100;15;18.100000000000023
0;100;100;0;100;0;100;0;100;100;15;21.85000000000003
0;100;100;0;100;0;100;0;100;100;15;25.600000000000037
0;100;100;0;100;0;100;0;100;100;15;29.350000000000044
0;100;100;0;100;0;100;0;100;100;15;33.10000000000005
0;100;100;0;100;0;100;0;100;100;15;36.85000000000006
0;100;100;0;100;0;100;0;100;100;15;40.600000000000065
0;100;100;0;100;0;100;0;100;100;15;44.35000000000007
0;100;100;0;100;0;100;0;100;100;15;48.10000000000008
0;100;100;0;100;0;100;0;100;100;15;51.85000000000009
0;100;100;0;100;0;100;0;100;100;15;55.600000000000094
0;100;100;0;100;0;100;0;100;100;15;59.3500000000001
0;100;100;0;100;0;100;0;100;100;15;63.10000000000011
0;100;100;0;100;0;100;0;100;100;15;66.85000000000008
0;100;100;0;100;0;100;0;100;100;15;70.60000000000005
0;100;100;0;100;0;100;0;100;100;15;74.35000000000002
0;100;100;0;100;0;100;0;100;100;15;78.1
0;100;100;0;100;0;100;0;100;100;15;81.84999999999997
0;100;100;0;100;0;100;0;100;100;15;85.59999999999994
0;100;100;0;100;0;100;0;100;100;15;89.34999999999991
0;100;100;0;100;0;100;0;100;100;15;93.09999999999988
0;100;100;0;100;0;100;0;100;100;15;96.84999999999985
0;100;100;0;100;0;100;0;100;100;15;100.59999999999982
0;100;100;0;100;0;100;0;100;100;15;104.3499999999998
0;100;100;0;100;0;100;0;100;100;15;108.09999999999977
0;100;100;0;100;0;100;0;100;100;15;111.84999999999974
0;100;100;0;100;0;100;0;100;100;15;115.59999999999971
0;100;100;0;100;0;100;0;100;100;15;119.34999999999968
0;100;100;0;100;0;100;0;100;100;15;123.09999999999965
0;100;100;0;100;0;100;0;100;100;15;126.84999999999962
0;100;100;0;100;0;100;0;100;19;15;130.4999999999996
0;100;100;0;100;0;100;0;100;0;14;133.64999999999958
0;100;100;0;100;0;100;0;100;0;13;116.29999999999956
0;100;100;0;100;0;100;0;100;0;13;119.44999999999953
0;100;100;0;100;0;100;0;100;0;13;122.59999999999951
0;100;100;0;100;0;100;0;100;0;13;125.74999999999949
0;100;100;0;100;0;100;0;100;0;13;128.89999999999947
0;100;100;0;100;0;100;0;100;0;13;132.04999999999944
0;100;100;0;100;0;100;0;100;0;13;135.19999999999942
0;100;100;0;100;0;100;0;100;0;13;138.3499999999994
0;100;100;0;100;0;100;0;100;0;13;141.49999999999937
0;100;100;0;100;0;100;0;100;0;13;144.64999999999935
0;100;100;0;100;0;100;0;100;0;13;147.79999999999933
0;100;100;0;100;0;100;0;100;0;13;150.9499999999993
0;100;100;0;100;0;100;0;100;0;13;154.09999999999928
0;100;100;0;100;0;100;0;100;0;13;157.24999999999926
0;100;100;0;100;0;100;0;100;0;13;160.39999999999924
0;100;100;0;100;0;100;0;100;0;13;163.54999999999922
0;100;100;0;100;0;100;0;100;0;13;166.6999999999992
0;100;100;0;100;0;100;0;100;0;13;169.84999999999917
0;100;100;0;100;0;100;0;100;0;13;172.99999999999915
0;100;100;0;100;0;100;0;100;0;13;176.14999999999912
0;100;100;0;100;0;100;0;100;0;13;179.2999999999991
0;100;100;0;100;0;100;0;100;0;13;182.44999999999908
0;100;100;0;100;0;100;0;100;0;13;185.59999999999906
0;100;100;0;100;0;100;0;100;0;13;188.74999999999903
0;100;100;0;100;0;100;0;100;0;13;191.899999999999
0;100;100;0;100;0;100;0;100;0;13;195.049999999999
0;100;100;0;100;0;100;0;100;0;13;198.19999999999897
0;100;100;0;100;0;100;0;100;0;13;201.34999999999894
0;100;100;0;100;0;100;0;100;0;13;204.49999999999892
0;100;100;0;100;0;100;0;100;0;13;207.6499999999989
0;100;100;0;100;0;100;0;100;0;13;210.79999999999887
0;100;100;0;100;0;100;0;100;0;13;213.94999999999885
0;100;100;0;100;0;100;0;100;0;13;217.09999999999883
0;100;100;0;100;0;100;0;100;0;13;220.2499999999988
0;100;100;0;100;0;100;0;100;0;13;223.39999999999878
0;100;100;0;100;0;100;0;100;0;13;226.54999999999876
0;100;100;0;100;0;100;0;100;0;13;229.69999999999874
0;100;100;0;100;0;100;0;100;0;13;232.84999999999872
0;100;100;0;100;0;100;0;100;0;13;235.9999999999987
0;100;100;0;100;0;100;0;100;0;13;239.14999999999867
0;100;100;0;100;0;100;0;100;0;13;242.29999999999865
0;100;100;0;100;0;100;0;100;0;13;245.44999999999862
0;100;100;0;100;0;100;0;100;0;13;248.5999999999986
0;100;100;0;100;0;100;0;100;0;13;251.74999999999858
0;100;100;0;100;0;100;0;100;0;13;254.89999999999856
0;100;100;0;100;0;100;0;100;0;13;258.04999999999865
0;100;100;0;100;0;100;0;100;0;13;261.19999999999874
0;100;100;0;100;0;100;0;100;0;13;264.34999999999883
0;100;100;0;100;0;100;0;100;0;13;267.4999999999989
0;100;100;0;100;0;100;0;100;0;13;270.649999999999
0;100;100;0;100;0;100;0;100;0;13;273.7999999999991
0;100;100;0;100;0;100;0;100;0;13;276.9499999999992
0;100;100;0;100;0;100;0;100;0;13;280.0999999999993
0;100;100;0;100;0;100;0;100;0;13;283.2499999999994
0;100;100;0;100;0;100;0;100;0;13;286.39999999999947
0;100;100;0;100;0;100;0;100;0;13;289.54999999999956
0;100;100;0;100;0;100;0;100;0;13;292.69999999999965
0;100;100;0;100;0;100;0;100;0;13;295.84999999999974
0;100;100;0;100;0;100;0;100;0;13;298.99999999999983
0;100;100;0;100;0;100;0;100;0;13;302.1499999999999
0;100;100;0;100;0;100;0;100;0;13;305.3
0;100;100;0;100;0;100;0;100;0;13;308.4500000000001
0;100;100;0;100;0;100;0;100;0;13;311.6000000000002
0;100;100;0;100;0;100;0;100;0;13;314.7500000000003
0;100;100;0;100;0;100;0;100;0;13;317.9000000000004
0;100;100;0;100;0;100;0;100;0;13;321.05000000000047
0;100;100;0;100;0;100;0;100;0;13;324.20000000000056
0;100;100;0;100;0;100;0;100;0;13;327.35000000000065
0;100;100;0;100;0;100;0;100;0;13;330.50000000000074
0;100;100;0;100;0;100;0;100;0;13;333.65000000000083
0;100;100;0;100;0;100;0;100;0;13;336.8000000000009
0;100;100;0;100;0;100;0;100;0;13;339.950000000001
0;100;100;0;100;0;100;0;100;0;13;343.1000000000011
0;100;100;0;100;0;100;0;100;0;13;346.2500000000012
0;100;100;0;100;0;100;0;100;0;13;349.4000000000013
0;100;100;0;100;0;100;0;100;0;13;352.5500000000014
0;100;100;0;100;0;100;0;100;0;13;355.70000000000147
0;100;100;0;100;0;100;0;100;0;13;358.85000000000156
0;100;100;0;100;0;100;0;100;0;13;362.00000000000165
0;100;100;0;100;0;100;0;100;0;13;365.15000000000174
0;100;100;0;100;0;100;0;100;0;13;368.30000000000183
0;100;100;0;100;0;100;0;100;0;13;371.4500000000019
0;100;100;0;100;0;100;0;100;0;13;374.600000000002
0;100;100;0;100;0;100;0;100;0;13;377.7500000000021
0;100;100;0;100;0;100;0;100;0;13;380.9000000000022
0;100;100;0;100;0;100;0;100;0;13;384.0500000000023
0;100;100;0;100;0;100;0;100;0;13;387.2000000000024
0;100;100;0;100;0;100;0;100;0;13;390.35000000000247
0;100;100;0;100;0;100;0;100;0;13;393.50000000000256
0;100;100;0;100;0;100;0;100;0;13;396.65000000000265
0;100;100;0;100;0;100;0;100;0;13;399.80000000000274
0;100;100;0;100;0;100;0;100;0;13;402.95000000000283
0;100;100;0;100;0;100;0;100;0;13;406.1000000000029
0;100;100;0;100;0;100;0;100;0;13;409.250000000003
0;100;100;0;100;0;100;0;100;0;13;412.4000000000031
0;100;100;0;100;0;100;0;100;0;13;415.5500000000032
0;100;100;0;100;0;100;0;100;0;13;418.7000000000033
0;100;100;0;100;0;100;0;100;0;13;421.8500000000034
0;100;100;0;100;0;100;0;100;0;13;425.00000000000347
0;100;100;0;100;0;100;0;100;0;13;428.15000000000356
0;100;100;0;100;0;100;0;100;0;13;431.30000000000365
0;100;100;0;100;0;100;0;100;0;13;434.45000000000374
0;100;100;0;100;0;100;0;100;0;13;437.60000000000383
0;100;100;0;100;0;100;0;100;0;13;440.7500000000039
0;100;100;0;100;0;100;0;100;0;13;443.900000000004
0;100;100;0;100;0;100;0;100;0;13;447.0500000000041
0;100;100;0;100;0;100;0;100;0;13;450.2000000000042
0;100;100;0;100;0;100;0;100;0;13;453.3500000000043
0;100;100;0;100;0;100;0;100;0;13;456.5000000000044
0;100;100;0;100;0;100;0;100;0;13;459.65000000000447
0;100;100;0;100;0;100;0;100;0;13;462.80000000000456
0;100;100;0;100;0;100;0;100;0;13;465.95000000000465
0;100;100;0;100;0;100;0;100;0;13;469.10000000000474
0;100;100;0;100;0;100;0;100;0;13;472.25000000000483
0;100;100;0;100;0;100;0;100;0;13;475.4000000000049
0;100;100;0;100;0;100;0;100;0;13;478.550000000005
0;100;100;0;100;0;100;0;100;0;13;481.7000000000051
0;100;100;0;100;0;100;0;100;0;13;484.8500000000052
0;100;100;0;100;0;100;0;100;0;13;488.0000000000053
0;100;100;0;100;0;100;0;100;0;13;491.1500000000054
0;100;100;0;100;0;100;0;100;0;13;494.30000000000547
0;100;100;0;100;0;100;0;100;0;13;497.45000000000556
0;100;100;0;100;0;100;0;100;0;13;500.60000000000565
0;100;100;0;100;0;100;0;100;0;13;503.75000000000574
0;100;100;0;100;0;100;0;100;0;13;506.90000000000583
0;100;100;0;100;0;100;0;100;0;13;510.0500000000059
0;100;100;0;100;0;100;0;100;0;13;513.200000000006
0;100;100;0;100;0;100;0;100;0;13;516.350000000006
0;100;100;0;100;0;100;0;100;0;13;519.5000000000061
0;100;100;0;100;0;100;0;100;0;13;522.6500000000062
0;100;100;0;100;0;100;0;100;0;13;525.8000000000063
0;100;100;0;100;0;100;0;100;0;13;528.9500000000064
0;100;100;0;100;0;100;0;100;0;13;532.1000000000065
0;100;100;0;100;0;100;0;100;0;13;535.2500000000066
0;100;100;0;100;0;100;0;100;0;13;538.4000000000067
0;100;100;0;100;0;100;0;100;0;13;541.5500000000068
0;100;100;0;100;0;100;0;100;0;13;544.7000000000069
0;100;100;0;100;0;100;0;100;0;13;547.850000000007
0;100;100;0;100;0;100;0;100;0;13;551.000000000007
0;100;100;0;100;0;100;0;100;0;13;554.1500000000071
0;100;100;0;100;0;100;0;100;0;13;557.3000000000072
0;100;100;0;100;0;100;0;100;0;13;560.4500000000073
0;100;100;0;100;0;100;0;100;0;13;563.6000000000074
0;100;100;0;100;0;100;0;100;0;13;566.7500000000075
0;100;100;0;100;0;100;0;100;0;13;569.9000000000076
0;100;100;0;100;0;100;0;100;0;13;573.0500000000077
0;100;100;0;100;0;100;0;100;0;13;576.2000000000078
0;100;100;0;100;0;100;0;100;0;13;579.3500000000079
0;100;100;0;100;0;100;0;100;0;13;582.500000000008
0;100;100;0;100;0;100;0;100;0;13;585.650000000008
0;100;100;0;100;0;100;0;100;0;13;588.8000000000081
0;100;100;0;100;0;100;0;100;0;13;591.9500000000082
0;100;100;0;100;0;100;0;100;0;13;595.1000000000083
0;100;100;0;100;0;100;0;100;0;13;598.2500000000084
0;100;100;0;100;0;100;0;100;0;13;601.4000000000085
0;100;100;0;100;0;100;0;100;0;13;604.5500000000086
0;100;100;0;100;0;100;0;100;0;13;607.7000000000087
0;100;100;0;100;0;100;0;100;0;13;610.8500000000088
0;100;100;0;100;0;100;0;100;0;13;614.0000000000089
0;100;100;0;100;0;100;0;100;0;13;617.150000000009
0;100;100;0;100;0;100;0;100;0;13;620.300000000009
0;100;100;0;100;0;100;0;100;0;13;623.4500000000091
0;100;100;0;100;0;100;0;100;0;13;626.6000000000092
0;100;100;0;100;0;100;0;100;0;13;629.7500000000093
0;100;100;0;100;0;100;0;100;0;13;632.9000000000094
0;100;100;0;100;0;100;0;100;0;13;636.0500000000095
0;100;100;0;100;0;100;0;100;0;13;639.2000000000096
0;100;100;0;100;0;100;0;100;0;13;642.3500000000097
0;100;100;0;100;0;100;0;100;0;13;645.5000000000098
0;100;100;0;100;0;100;0;100;0;13;648.6500000000099
0;100;100;0;100;0;100;0;100;0;13;651.80000000001
0;100;100;0;100;0;100;0;100;0;13;654.95000000001
0;100;100;0;100;0;100;0;100;0;13;658.1000000000101
0;100;100;0;100;0;100;0;100;0;13;661.2500000000102
0;100;100;0;100;0;100;0;100;0;13;664.4000000000103
0;100;100;0;100;0;100;0;100;0;13;667.5500000000104
0;100;100;0;100;0;100;0;100;0;13;670.7000000000105
0;100;100;0;100;0;100;0;100;0;13;673.8500000000106
0;100;100;0;100;0;100;0;100;0;13;677.0000000000107
0;100;100;0;100;0;100;0;100;0;13;680.1500000000108
0;100;100;0;100;0;100;0;100;0;13;683.3000000000109
0;100;100;0;100;0;100;0;100;0;13;686.450000000011
0;100;100;0;100;0;100;0;100;0;13;689.600000000011
0;100;100;0;100;0;100;0;100;0;13;692.7500000000111
0;100;100;0;100;0;100;0;100;0;13;695.9000000000112
0;100;100;0;100;0;100;0;100;0;13;699.0500000000113
0;100;100;0;100;0;100;0;100;0;13;702.2000000000114
0;100;100;0;100;0;100;0;100;0;13;705.3500000000115
0;100;100;0;100;0;100;0;100;0;13;708.5000000000116
0;100;100;0;100;0;100;0;100;0;13;711.6500000000117
0;100;100;0;100;0;100;0;100;0;13;714.8000000000118
0;100;100;0;100;0;100;0;100;0;13;717.9500000000119
0;100;100;0;100;0;100;0;100;0;13;721.100000000012
0;100;100;0;100;0;100;0;100;0;13;724.250000000012
0;100;100;0;100;0;100;0;100;0;13;727.4000000000121
0;100;100;0;100;0;100;0;100;0;13;730.5500000000122
0;100;100;0;100;0;100;0;100;0;13;733.7000000000123
0;100;100;0;100;0;100;0;100;0;13;736.8500000000124
0;100;100;0;100;0;100;0;20;0;13;739.9000000000125
0;100;100;0;100;0;100;0;0;0;12;742.4500000000126
0;100;100;0;100;0;100;0;0;0;11;724.5000000000126
0;100;100;0;100;0;100;0;0;0;11;727.0500000000127
0;100;100;0;100;0;100;0;0;0;11;729.6000000000128
0;100;100;0;100;0;100;0;0;0;11;732.1500000000128
0;100;100;0;100;0;100;0;0;0;11;734.7000000000129
0;100;100;0;100;0;100;0;0;0;11;737.250000000013
0;100;100;0;100;0;100;0;0;0;11;739.800000000013
0;100;100;0;100;0;100;0;0;0;11;742.3500000000131
0;100;100;0;100;0;100;0;0;0;11;744.9000000000132
0;100;100;0;100;0;100;0;0;0;11;747.4500000000132
0;100;100;0;100;0;100;0;0;0;11;750.0000000000133
0;100;100;0;100;0;100;0;0;0;11;752.5500000000134
0;100;100;0;100;0;100;0;0;0;11;755.1000000000134
0;100;100;0;100;0;100;0;0;0;11;757.6500000000135
0;100;100;0;100;0;100;0;0;0;11;760.2000000000136
0;100;100;0;100;0;100;0;0;0;11;762.7500000000136
0;100;100;0;100;0;100;0;0;0;11;765.3000000000137
0;100;100;0;100;0;100;0;0;0;11;767.8500000000138
0;100;100;0;100;0;100;0;0;0;11;770.4000000000138
0;100;100;0;100;0;100;0;0;0;11;772.9500000000139
0;100;100;0;100;0;100;0;0;0;11;775.500000000014
0;100;100;0;100;0;100;0;0;0;11;778.050000000014
0;100;100;0;100;0;100;0;0;0;11;780.6000000000141
0;100;100;0;100;0;100;0;0;0;11;783.1500000000142
0;100;100;0;100;0;100;0;0;0;11;785.7000000000143
0;100;100;0;100;0;100;0;0;0;11;788.2500000000143
0;100;100;0;100;0;100;0;0;0;11;790.8000000000144
0;100;100;0;100;0;100;0;0;0;11;793.3500000000145
0;100;100;0;100;0;100;0;0;0;11;795.9000000000145
0;100;100;0;100;0;100;0;0;0;11;798.4500000000146
0;100;100;0;100;0;100;0;0;0;11;801.0000000000147
0;100;100;0;100;0;100;0;0;0;11;803.5500000000147
0;100;100;0;100;0;100;0;0;0;11;806.1000000000148
0;100;100;0;100;0;100;0;0;0;11;808.6500000000149
0;100;100;0;100;0;100;0;0;0;11;811.2000000000149
0;100;100;0;100;0;100;0;0;0;11;813.750000000015
0;100;100;0;100;0;100;0;0;0;11;816.3000000000151
0;100;100;0;100;0;100;0;0;0;11;818.8500000000151
0;100;100;0;100;0;100;0;0;0;11;821.4000000000152
0;100;100;0;100;0;100;0;0;0;11;823.9500000000153
0;100;100;0;100;0;100;0;0;0;11;826.5000000000153
0;100;100;0;100;0;100;0;0;0;11;829.0500000000154
0;100;100;0;100;0;100;0;0;0;11;831.6000000000155
0;100;100;0;100;0;100;0;0;0;11;834.1500000000156
0;100;100;0;100;0;100;0;0;0;11;836.7000000000156
0;100;100;0;100;0;100;0;0;0;11;839.2500000000157
0;100;100;0;100;0;100;0;0;0;11;841.8000000000158
0;100;100;0;100;0;100;0;0;0;11;844.3500000000158
0;100;100;0;100;0;100;0;0;0;11;846.9000000000159
0;100;100;0;100;0;100;0;0;0;11;849.450000000016
0;100;100;0;100;0;100;0;0;0;11;852.000000000016
0;100;100;0;100;0;100;0;0;0;11;854.5500000000161
0;100;100;0;100;0;100;0;0;0;11;857.1000000000162
0;100;100;0;100;0;100;0;0;0;11;859.6500000000162
0;100;100;0;100;0;100;0;0;0;11;862.2000000000163
0;100;100;0;100;0;100;0;0;0;11;864.7500000000164
0;100;100;0;100;0;100;0;0;0;11;867.3000000000164
0;100;100;0;100;0;100;0;0;0;11;869.8500000000165
0;100;100;0;100;0;100;0;0;0;11;872.4000000000166
0;100;100;0;100;0;100;0;0;0;11;874.9500000000166
0;100;100;0;100;0;100;0;0;0;11;877.5000000000167
0;100;100;0;100;0;100;0;0;0;11;880.0500000000168
0;100;100;0;100;0;100;0;0;0;11;882.6000000000168
0;100;100;0;100;0;100;0;0;0;11;885.1500000000169
0;100;100;0;100;0;100;0;0;0;11;887.700000000017
0;100;100;0;100;0;100;0;0;0;11;890.250000000017
0;100;100;0;100;0;100;0;0;0;11;892.8000000000171
0;100;100;0;100;0;100;0;0;0;11;895.3500000000172
0;100;100;0;100;0;100;0;0;0;11;897.9000000000173
0;100;100;0;100;0;100;0;0;0;11;900.4500000000173
0;100;100;0;100;0;100;0;0;0;11;903.0000000000174
0;100;100;0;100;0;100;0;0;0;11;905.5500000000175
0;100;100;0;100;0;100;0;0;0;11;908.1000000000175
0;100;100;0;100;0;100;0;0;0;11;910.6500000000176
0;100;100;0;100;0;100;0;0;0;11;913.2000000000177
0;100;100;0;100;0;100;0;0;0;11;915.7500000000177
0;100;100;0;100;0;100;0;0;0;11;918.3000000000178
0;100;100;0;100;0;100;0;0;0;11;920.8500000000179
0;100;100;0;100;0;100;0;0;0;11;923.4000000000179
0;100;100;0;100;0;100;0;0;0;11;925.950000000018
0;100;100;0;100;0;100;0;0;0;11;928.5000000000181
0;100;100;0;100;0;100;0;0;0;11;931.0500000000181
0;100;100;0;100;0;100;0;0;0;11;933.6000000000182
0;100;100;0;100;0;100;0;0;0;11;936.1500000000183
0;100;100;0;100;0;100;0;0;0;11;938.7000000000183
0;100;100;0;100;0;100;0;0;0;11;941.2500000000184
0;100;100;0;100;0;100;0;0;0;11;943.8000000000185
0;100;100;0;100;0;100;0;0;0;11;946.3500000000186
0;100;100;0;100;0;100;0;0;0;11;948.9000000000186
0;100;100;0;100;0;100;0;0;0;11;951.4500000000187
0;100;100;0;100;0;100;0;0;0;11;954.0000000000188
0;100;100;0;100;0;100;0;0;0;11;956.5500000000188
0;100;100;0;100;0;100;0;0;0;11;959.1000000000189
0;100;100;0;100;0;100;0;0;0;11;961.650000000019
0;100;100;0;100;0;100;0;0;0;11;964.200000000019
0;100;100;0;100;0;100;0;0;0;11;966.7500000000191
0;100;100;0;100;0;100;0;0;0;11;969.3000000000192
0;100;100;0;100;0;100;0;0;0;11;971.8500000000192
0;100;100;0;100;0;100;0;0;0;11;974.4000000000193
0;100;100;0;100;0;100;0;0;0;11;976.9500000000194
0;100;100;0;100;0;100;0;0;0;11;979.5000000000194
0;100;100;0;100;0;100;0;0;0;11;982.0500000000195
0;100;100;0;100;0;100;0;0;0;11;984.6000000000196
0;100;100;0;100;0;100;0;0;0;11;987.1500000000196
0;100;100;0;100;0;100;0;0;0;11;989.7000000000197
0;100;100;0;100;0;100;0;0;0;11;992.2500000000198
0;100;100;0;100;0;100;0;0;0;11;994.8000000000198
0;100;100;0;100;0;100;0;0;0;11;997.3500000000199
0;100;100;0;100;0;100;0;0;0;11;999.90000000002
0;100;100;0;100;0;100;0;0;0;11;1002.45000000002
0;100;100;0;100;0;100;0;0;0;11;1005.0000000000201
0;100;100;0;100;0;100;0;0;0;11;1007.5500000000202
0;100;100;0;100;0;100;0;0;0;11;1010.1000000000203
0;100;100;0;100;0;100;0;0;0;11;1012.6500000000203
0;100;100;0;100;0;100;0;0;0;11;1015.2000000000204
0;100;100;0;100;0;100;0;0;0;11;1017.7500000000205
0;100;100;0;100;0;100;0;0;0;11;1020.3000000000205
0;100;100;0;100;0;100;0;0;0;11;1022.8500000000206
0;100;100;0;100;0;100;0;0;0;11;1025.4000000000203
0;100;100;0;100;0;100;0;0;0;11;1027.95000000002
0;100;100;0;100;0;100;0;0;0;11;1030.5000000000198
0;100;100;0;100;0;100;0;0;0;11;1033.0500000000195
0;100;100;0;100;0;100;0;0;0;11;1035.6000000000192
0;100;100;0;100;0;100;0;0;0;11;1038.150000000019
0;100;100;0;100;0;100;0;0;0;11;1040.7000000000187
0;100;100;0;100;0;100;0;0;0;11;1043.2500000000184
0;100;100;0;100;0;100;0;0;0;11;1045.8000000000181
0;100;100;0;100;0;100;0;0;0;11;1048.3500000000179
0;100;100;0;100;0;100;0;0;0;11;1050.9000000000176
0;100;100;0;100;0;100;0;0;0;11;1053.4500000000173
0;100;100;0;100;0;100;0;0;0;11;1056.000000000017
0;100;100;0;100;0;100;0;0;0;11;1058.5500000000168
0;100;100;0;100;0;100;0;0;0;11;1061.1000000000165
0;100;100;0;100;0;100;0;0;0;11;1063.6500000000162
0;100;100;0;100;0;100;0;0;0;11;1066.200000000016
0;100;100;0;100;0;100;0;0;0;11;1068.7500000000157
0;100;100;0;100;0;100;0;0;0;11;1071.3000000000154
0;100;100;0;100;0;100;0;0;0;11;1073.8500000000151
0;100;100;0;100;0;100;0;0;0;11;1076.4000000000149
0;100;100;0;100;0;100;0;0;0;11;1078.9500000000146
0;100;100;0;100;0;100;0;0;0;11;1081.5000000000143
0;100;100;0;100;0;100;0;0;0;11;1084.050000000014
0;100;100;0;100;0;100;0;0;0;11;1086.6000000000138
0;100;100;0;100;0;100;0;0;0;11;1089.1500000000135
0;100;100;0;100;0;100;0;0;0;11;1091.7000000000132
0;100;100;0;100;0;100;0;0;0;11;1094.250000000013
0;100;100;0;100;0;100;0;0;0;11;1096.8000000000127
0;100;100;0;100;0;100;0;0;0;11;1099.3500000000124
0;100;100;0;100;0;100;0;0;0;11;1101.9000000000121
0;100;100;0;100;0;100;0;0;0;11;1104.4500000000119
0;100;100;0;100;0;100;0;0;0;11;1107.0000000000116
0;100;100;0;100;0;100;0;0;0;11;1109.5500000000113
0;100;100;0;100;0;100;0;0;0;11;1112.100000000011
0;100;100;0;100;0;100;0;0;0;11;1114.6500000000108
0;100;100;0;100;0;100;0;0;0;11;1117.2000000000105
0;100;100;0;100;0;100;0;0;0;11;1119.7500000000102
0;100;100;0;100;0;100;0;0;0;11;1122.30000000001
0;100;100;0;100;0;100;0;0;0;11;1124.8500000000097
0;100;100;0;100;0;100;0;0;0;11;1127.4000000000094
0;100;100;0;100;0;100;0;0;0;11;1129.9500000000091
0;100;100;0;100;0;100;0;0;0;11;1132.5000000000089
0;100;100;0;100;0;100;0;0;0;11;1135.0500000000086
0;100;100;0;100;0;100;0;0;0;11;1137.6000000000083
0;100;100;0;100;0;100;0;0;0;11;1140.150000000008
0;100;100;0;100;0;100;0;0;0;11;1142.7000000000078
0;100;100;0;100;0;100;0;0;0;11;1145.2500000000075
0;100;100;0;100;0;100;0;0;0;11;1147.8000000000072
0;100;100;0;100;0;100;0;0;0;11;1150.350000000007
0;100;100;0;100;0;100;0;0;0;11;1152.9000000000067
0;100;100;0;100;0;100;0;0;0;11;1155.4500000000064
0;100;100;0;100;0;100;0;0;0;11;1158.0000000000061
0;100;100;0;100;0;100;0;0;0;11;1160.5500000000059
0;100;100;0;100;0;100;0;0;0;11;1163.1000000000056
0;100;100;0;100;0;100;0;0;0;11;1165.6500000000053
0;100;100;0;100;0;100;0;0;0;11;1168.200000000005
0;100;100;0;100;0;100;0;0;0;11;1170.7500000000048
0;100;100;0;100;0;100;0;0;0;11;1173.3000000000045
0;100;100;0;100;0;100;0;0;0;11;1175.8500000000042
0;100;100;0;100;0;100;0;0;0;11;1178.400000000004
0;100;100;0;100;0;100;0;0;0;11;1180.9500000000037
0;100;100;0;100;0;100;0;0;0;11;1183.5000000000034
0;100;100;0;100;0;100;0;0;0;11;1186.0500000000031
0;100;100;0;100;0;100;0;0;0;11;1188.6000000000029
0;100;100;0;100;0;100;0;0;0;11;1191.1500000000026
0;100;100;0;100;0;100;0;0;0;11;1193.7000000000023
0;100;100;0;100;0;100;0;0;0;11;1196.250000000002
0;100;100;0;100;0;100;0;0;0;11;1198.8000000000018
0;100;100;0;100;0;100;0;0;0;11;1201.3500000000015
0;100;100;0;100;0;100;0;0;0;11;1203.9000000000012
0;100;100;0;100;0;100;0;0;0;11;1206.450000000001
0;100;100;0;100;0;100;0;0;0;11;1209.0000000000007
0;100;100;0;100;0;100;0;0;0;11;1211.5500000000004
0;100;100;0;100;0;100;0;0;0;11;1214.1000000000001
0;100;100;0;100;0;100;0;0;0;11;1216.6499999999999
0;100;100;0;100;0;100;0;0;0;11;1219.1999999999996
0;100;100;0;100;0;100;0;0;0;11;1221.7499999999993
0;100;100;0;100;0;100;0;0;0;11;1224.299999999999
0;100;100;0;100;0;100;0;0;0;11;1226.8499999999988
0;100;100;0;100;0;100;0;0;0;11;1229.3999999999985
0;100;100;0;100;0;100;0;0;0;11;1231.9499999999982
0;100;100;0;100;0;100;0;0;0;11;1234.499999999998
0;100;100;0;100;0;100;0;0;0;11;1237.0499999999977
0;100;100;0;100;0;100;0;0;0;11;1239.5999999999974
0;100;100;0;100;0;100;0;0;0;11;1242.1499999999971
0;100;100;0;100;0;100;0;0;0;11;1244.6999999999969
0;100;100;0;100;0;100;0;0;0;11;1247.2499999999966
0;100;100;0;100;0;100;0;0;0;11;1249.7999999999963
0;100;100;0;100;0;100;0;0;0;11;1252.349999999996
0;100;100;0;100;0;100;0;0;0;11;1254.8999999999958
0;100;100;0;100;0;100;0;0;0;11;1257.4499999999955
0;100;100;0;100;0;100;0;0;0;11;1259.9999999999952
0;100;100;0;100;0;100;0;0;0;11;1262.549999999995
0;100;100;0;100;0;100;0;0;0;11;1265.0999999999947
0;100;100;0;100;0;100;0;0;0;11;1267.6499999999944
0;100;100;0;100;0;100;0;0;0;11;1270.1999999999941
0;100;100;0;100;0;100;0;0;0;11;1272.7499999999939
0;100;100;0;100;0;100;0;0;0;11;1275.2999999999936
0;100;100;0;100;0;100;0;0;0;11;1277.8499999999933
0;100;100;0;100;0;100;0;0;0;11;1280.399999999993
0;100;100;0;100;0;100;0;0;0;11;1282.9499999999928
0;100;100;0;100;0;100;0;0;0;11;1285.4999999999925
0;100;100;0;100;0;100;0;0;0;11;1288.0499999999922
0;100;100;0;100;0;100;0;0;0;11;1290.599999999992
0;100;100;0;100;0;100;0;0;0;11;1293.1499999999917
0;100;100;0;100;0;100;0;0;0;11;1295.6999999999914
0;100;100;0;100;0;100;0;0;0;11;1298.2499999999911
0;100;100;0;100;0;100;0;0;0;11;1300.7999999999909
0;100;100;0;100;0;100;0;0;0;11;1303.3499999999906
0;100;100;0;100;0;100;0;0;0;11;1305.8999999999903
0;100;100;0;100;0;100;0;0;0;11;1308.44999999999
0;100;100;0;100;0;100;0;0;0;11;1310.9999999999898
0;100;100;0;100;0;100;0;0;0;11;1313.5499999999895
0;100;100;0;100;0;100;0;0;0;11;1316.0999999999892
0;100;100;0;100;0;100;0;0;0;11;1318.649999999989
0;100;100;0;100;0;100;0;0;0;11;1321.1999999999887
0;100;100;0;100;0;100;0;0;0;11;1323.7499999999884
0;100;100;0;100;0;100;0;0;0;11;1326.2999999999881
0;100;100;0;100;0;100;0;0;0;11;1328.8499999999879
0;100;100;0;100;0;100;0;0;0;11;1331.3999999999876
0;100;100;0;100;0;100;0;0;0;11;1333.9499999999873
0;100;100;0;100;0;100;0;0;0;11;1336.499999999987
0;100;100;0;100;0;100;0;0;0;11;1339.0499999999868
0;100;100;0;100;0;100;0;0;0;11;1341.5999999999865
0;100;100;0;100;0;100;0;0;0;11;1344.1499999999862
0;100;100;0;100;0;100;0;0;0;11;1346.699999999986
0;100;100;0;100;0;100;0;0;0;11;1349.2499999999857
0;100;100;0;100;0;100;0;0;0;11;1351.7999999999854
0;100;100;0;100;0;100;0;0;0;11;1354.3499999999851
0;100;100;0;100;0;100;0;0;0;11;1356.8999999999849
0;100;100;0;100;0;100;0;0;0;11;1359.4499999999846
0;100;100;0;100;0;100;0;0;0;11;1361.9999999999843
0;100;100;0;100;0;100;0;0;0;11;1364.549999999984
0;100;100;0;100;0;100;0;0;0;11;1367.0999999999838
0;100;100;0;100;0;100;0;0;0;11;1369.6499999999835
0;100;100;0;100;0;100;0;0;0;11;1372.1999999999832
0;100;100;0;100;0;100;0;0;0;11;1374.749999999983
0;100;100;0;100;0;100;0;0;0;11;1377.2999999999827
0;100;100;0;100;0;100;0;0;0;11;1379.8499999999824
0;100;100;0;100;0;100;0;0;0;11;1382.3999999999821
0;100;100;0;100;0;100;0;0;0;11;1384.9499999999819
0;100;100;0;100;0;100;0;0;0;11;1387.4999999999816
0;100;100;0;100;0;100;0;0;0;11;1390.0499999999813
0;100;100;0;100;0;100;0;0;0;11;1392.599999999981
0;100;100;0;100;0;100;0;0;0;11;1395.1499999999808
0;100;100;0;100;0;100;0;0;0;11;1397.6999999999805
0;100;100;0;100;0;100;0;0;0;11;1400.2499999999802
0;100;100;0;100;0;100;0;0;0;11;1402.79999999998
0;100;100;0;100;0;100;0;0;0;11;1405.3499999999797
0;100;100;0;100;0;100;0;0;0;11;1407.8999999999794
0;100;100;0;100;0;100;0;0;0;11;1410.4499999999791
0;100;100;0;100;0;100;0;0;0;11;1412.9999999999789
0;100;100;0;100;0;100;0;0;0;11;1415.5499999999786
0;100;100;0;100;0;100;0;0;0;11;1418.0999999999783
0;100;100;0;100;0;100;0;0;0;11;1420.649999999978
0;100;100;0;100;0;100;0;0;0;11;1423.1999999999778
0;100;100;0;100;0;100;0;0;0;11;1425.7499999999775
0;100;100;0;100;0;100;0;0;0;11;1428.2999999999772
0;100;100;0;100;0;100;0;0;0;11;1430.849999999977
0;100;100;0;100;0;100;0;0;0;11;1433.3999999999767
0;100;100;0;100;0;100;0;0;0;11;1435.9499999999764
0;100;100;0;100;0;100;0;0;0;11;1438.4999999999761
0;100;100;0;100;0;100;0;0;0;11;1441.0499999999759
0;100;100;0;100;0;100;0;0;0;11;1443.5999999999756
0;100;100;0;100;0;100;0;0;0;11;1446.1499999999753
0;100;100;0;100;0;100;0;0;0;11;1448.699999999975
0;100;100;0;100;0;100;0;0;0;11;1451.2499999999748
0;100;100;0;100;0;100;0;0;0;11;1453.7999999999745
0;100;100;0;100;0;100;0;0;0;11;1456.3499999999742
0;100;100;0;100;0;100;0;0;0;11;1458.899999999974
0;100;100;0;100;0;100;0;0;0;11;1461.4499999999737
0;100;100;0;100;0;100;0;0;0;11;1463.9999999999734
0;100;100;0;100;0;100;0;0;0;11;1466.5499999999731
0;100;100;0;100;0;100;0;0;0;11;1469.0999999999729
0;100;100;0;100;0;100;0;0;0;11;1471.6499999999726
0;100;100;0;100;0;100;0;0;0;11;1474.1999999999723
0;100;100;0;100;0;100;0;0;0;11;1476.749999999972
0;100;100;0;100;0;100;0;0;0;11;1479.2999999999718
0;100;100;0;100;0;100;0;0;0;11;1481.8499999999715
0;100;100;0;100;0;100;0;0;0;11;1484.3999999999712
0;100;100;0;100;0;100;0;0;0;11;1486.949999999971
0;100;100;0;100;0;100;0;0;0;11;1489.4999999999707
0;100;100;0;100;0;100;0;0;0;11;1492.0499999999704
0;100;100;0;100;0;100;0;0;0;11;1494.5999999999701
0;100;100;0;100;0;100;0;0;0;11;1497.1499999999699
0;100;100;0;100;0;100;0;0;0;11;1499.6999999999696
0;100;100;0;100;0;100;0;0;0;11;1502.2499999999693
0;100;100;0;100;0;100;0;0;0;11;1504.799999999969
0;100;100;0;100;0;100;0;0;0;11;1507.3499999999688
0;100;100;0;100;0;100;0;0;0;11;1509.8999999999685
0;100;100;0;100;0;100;0;0;0;11;1512.4499999999682
0;100;100;0;100;0;100;0;0;0;11;1514.999999999968
0;100;100;0;100;0;100;0;0;0;11;1517.5499999999677
0;100;100;0;100;0;100;0;0;0;11;1520.0999999999674
0;100;100;0;100;0;100;0;0;0;11;1522.6499999999671
0;100;100;0;100;0;100;0;0;0;11;1525.1999999999668
0;100;100;0;100;0;100;0;0;0;11;1527.7499999999666
0;100;100;0;100;0;100;0;0;0;11;1530.2999999999663
0;100;100;0;100;0;100;0;0;0;11;1532.849999999966
0;100;100;0;100;0;100;0;0;0;11;1535.3999999999658
0;100;100;0;100;0;100;0;0;0;11;1537.9499999999655
0;100;100;0;100;0;100;0;0;0;11;1540.4999999999652
0;100;100;0;100;0;100;0;0;0;11;1543.049999999965
0;100;100;0;100;0;100;0;0;0;11;1545.5999999999647
0;100;100;0;100;0;100;0;0;0;11;1548.1499999999644
0;100;100;0;100;0;100;0;0;0;11;1550.6999999999641
0;100;100;0;100;0;100;0;0;0;11;1553.2499999999638
0;100;100;0;100;0;100;0;0;0;11;1555.7999999999636
0;100;100;0;100;0;100;0;0;0;11;1558.3499999999633
0;100;100;0;100;0;100;0;0;0;11;1560.899999999963
0;100;100;0;100;0;100;0;0;0;11;1563.4499999999628
0;100;100;0;100;0;100;0;0;0;11;1565.9999999999625
0;100;100;0;100;0;100;0;0;0;11;1568.5499999999622
0;100;100;0;100;0;100;0;0;0;11;1571.099999999962
0;100;100;0;100;0;100;0;0;0;11;1573.6499999999617
0;100;100;0;100;0;100;0;0;0;11;1576.1999999999614
0;100;100;0;100;0;100;0;0;0;11;1578.7499999999611
0;100;100;0;100;0;100;0;0;0;11;1581.2999999999608
0;100;100;0;100;0;100;0;0;0;11;1583.8499999999606
0;100;100;0;100;0;100;0;0;0;11;1586.3999999999603
0;100;100;0;100;0;100;0;0;0;11;1588.94999999996
0;100;100;0;100;0;100;0;0;0;11;1591.4999999999598
0;100;100;0;100;0;100;0;0;0;11;1594.0499999999595
0;100;100;0;100;0;100;0;0;0;11;1596.5999999999592
0;100;100;0;100;0;100;0;0;0;11;1599.149999999959
0;100;100;0;100;0;100;0;0;0;11;1601.6999999999587
0;100;100;0;100;0;100;0;0;0;11;1604.2499999999584
0;100;100;0;100;0;100;0;0;0;11;1606.7999999999581
0;100;100;0;100;0;100;0;0;0;11;1609.3499999999578
0;100;100;0;100;0;100;0;0;0;11;1611.8999999999576
0;100;100;0;100;0;100;0;0;0;11;1614.4499999999573
0;100;100;0;100;0;100;0;0;0;11;1616.999999999957
0;100;100;0;100;0;100;0;0;0;11;1619.5499999999568
0;100;100;0;100;0;100;0;0;0;11;1622.0999999999565
0;100;100;0;100;0;100;0;0;0;11;1624.6499999999562
0;100;100;0;100;0;100;0;0;0;11;1627.199999999956
0;100;100;0;100;0;100;0;0;0;11;1629.7499999999557
0;100;100;0;100;0;100;0;0;0;11;1632.2999999999554
0;100;100;0;100;0;100;0;0;0;11;1634.8499999999551
0;100;100;0;100;0;100;0;0;0;11;1637.3999999999548
0;100;100;0;100;0;100;0;0;0;11;1639.9499999999546
0;100;100;0;100;0;100;0;0;0;11;1642.4999999999543
0;100;100;0;100;0;100;0;0;0;11;1645.049999999954
0;100;100;0;100;0;100;0;0;0;11;1647.5999999999538
0;100;100;0;100;0;100;0;0;0;11;1650.1499999999535
0;100;100;0;100;0;100;0;0;0;11;1652.6999999999532
0;100;100;0;100;0;100;0;0;0;11;1655.249999999953
0;100;100;0;100;0;100;0;0;0;11;1657.7999999999527
0;100;100;0;100;0;100;0;0;0;11;1660.3499999999524
0;100;100;0;100;0;100;0;0;0;11;1662.8999999999521
0;100;100;0;100;0;100;0;0;0;11;1665.4499999999518
0;100;100;0;100;0;100;0;0;0;11;1667.9999999999516
0;100;100;0;100;0;100;0;0;0;11;1670.5499999999513
0;100;100;0;100;0;100;0;0;0;11;1673.099999999951
0;100;100;0;100;0;100;0;0;0;11;1675.6499999999508
0;100;100;0;100;0;100;0;0;0;11;1678.1999999999505
0;100;100;0;100;0;100;0;0;0;11;1680.7499999999502
0;100;100;0;100;0;100;0;0;0;11;1683.29999999995
0;100;100;0;100;0;100;0;0;0;11;1685.8499999999497
0;100;100;0;100;0;100;0;0;0;11;1688.3999999999494
0;100;100;0;100;0;100;0;0;0;11;1690.9499999999491
0;100;100;0;100;0;100;0;0;0;11;1693.4999999999488
0;100;100;0;100;0;100;0;0;0;11;1696.0499999999486
0;100;100;0;100;0;100;0;0;0;11;1698.5999999999483
0;100;100;0;100;0;100;0;0;0;11;1701.149999999948
0;100;100;0;100;0;100;0;0;0;11;1703.6999999999477
0;100;100;0;100;0;100;0;0;0;11;1706.2499999999475
0;100;100;0;100;0;100;0;0;0;11;1708.7999999999472
0;100;100;0;100;0;100;0;0;0;11;1711.349999999947
0;100;100;0;100;0;100;0;0;0;11;1713.8999999999467
0;100;100;0;100;0;100;0;0;0;11;1716.4499999999464
0;100;100;0;100;0;100;0;0;0;11;1718.999999999946
0;100;100;0;100;0;100;0;0;0;11;1721.5499999999458
0;100;100;0;100;0;100;0;0;0;11;1724.0999999999456
0;100;100;0;100;0;100;0;0;0;11;1726.6499999999453
0;100;100;0;100;0;100;0;0;0;11;1729.199999999945
0;100;100;0;100;0;100;0;0;0;11;1731.7499999999447
0;100;100;0;100;0;100;0;0;0;11;1734.2999999999445
0;100;100;0;100;0;100;0;0;0;11;1736.8499999999442
0;100;100;0;100;0;100;0;0;0;11;1739.399999999944
0;100;100;0;100;0;100;0;0;0;11;1741.9499999999437
0;100;100;0;100;0;100;0;0;0;11;1744.4999999999434
0;100;100;0;100;0;100;0;0;0;11;1747.049999999943
0;100;100;0;100;0;100;0;0;0;11;1749.5999999999428
0;100;100;0;100;0;100;0;0;0;11;1752.1499999999426
0;100;100;0;100;0;100;0;0;0;11;1754.6999999999423
0;100;100;0;100;0;100;0;0;0;11;1757.249999999942
0;100;100;0;100;0;100;0;0;0;11;1759.7999999999417
0;100;100;0;100;0;100;0;0;0;11;1762.3499999999415
0;100;100;0;100;0;100;0;0;0;11;1764.8999999999412
0;100;100;0;100;0;100;0;0;0;11;1767.449999999941
0;100;100;0;100;0;100;0;0;0;11;1769.9999999999407
0;100;100;0;100;0;100;0;0;0;11;1772.5499999999404
0;100;100;0;100;0;100;0;0;0;11;1775.09999999994
0;100;100;0;100;0;100;0;0;0;11;1777.6499999999398
0;100;100;0;100;0;100;0;0;0;11;1780.1999999999396
0;100;100;0;100;0;100;0;0;0;11;1782.7499999999393
0;100;100;0;100;0;100;0;0;0;11;1785.299999999939
0;100;100;0;100;0;100;0;0;0;11;1787.8499999999387
0;100;100;0;100;0;100;0;0;0;11;1790.3999999999385
0;100;100;0;100;0;100;0;0;0;11;1792.9499999999382
0;100;100;0;100;0;100;0;0;0;11;1795.499999999938
0;100;100;0;100;0;100;0;0;0;11;1798.0499999999377
0;100;100;0;100;0;100;0;0;0;11;1800.5999999999374
0;100;100;0;100;0;100;0;0;0;11;1803.149999999937
0;100;100;0;100;0;100;0;0;0;11;1805.6999999999368
0;100;100;0;100;0;100;0;0;0;11;1808.2499999999366
0;100;100;0;100;0;100;0;0;0;11;1810.7999999999363
0;100;100;0;100;0;100;0;0;0;11;1813.349999999936
0;100;100;0;100;0;100;0;0;0;11;1815.8999999999357
0;100;100;0;100;0;100;0;0;0;11;1818.4499999999355
0;100;100;0;100;0;100;0;0;0;11;1820.9999999999352
0;100;100;0;100;0;100;0;0;0;11;1823.549999999935
0;100;100;0;100;0;100;0;0;0;11;1826.0999999999347
0;100;100;0;100;0;100;0;0;0;11;1828.6499999999344
0;100;100;0;100;0;100;0;0;0;11;1831.199999999934
0;100;100;0;100;0;100;0;0;0;11;1833.7499999999338
0;100;100;0;100;0;100;0;0;0;11;1836.2999999999336
0;100;100;0;100;0;100;0;0;0;11;1838.8499999999333
0;100;100;0;100;0;100;0;0;0;11;1841.399999999933
0;100;100;0;100;0;100;0;0;0;11;1843.9499999999327
0;100;100;0;100;0;100;0;0;0;11;1846.4999999999325
0;100;100;0;100;0;100;0;0;0;11;1849.0499999999322
0;100;100;0;100;0;100;0;0;0;11;1851.599999999932
0;100;100;0;100;0;100;0;0;0;11;1854.1499999999317
0;100;100;0;100;0;100;0;0;0;11;1856.6999999999314
0;100;100;0;100;0;100;0;0;0;11;1859.249999999931
0;100;100;0;100;0;100;0;0;0;11;1861.7999999999308
0;100;100;0;100;0;100;0;0;0;11;1864.3499999999306
0;100;100;0;100;0;100;0;0;0;11;1866.8999999999303
0;100;100;0;100;0;100;0;0;0;11;1869.44999999993
0;100;100;0;100;0;100;0;0;0;11;1871.9999999999297
0;100;100;0;100;0;100;0;0;0;11;1874.5499999999295
0;100;100;0;100;0;100;0;0;0;11;1877.0999999999292
0;100;100;0;100;0;100;0;0;0;11;1879.649999999929
0;100;100;0;100;0;100;0;0;0;11;1882.1999999999287
0;100;100;0;100;0;100;0;0;0;11;1884.7499999999284
0;100;100;0;100;0;100;0;0;0;11;1887.299999999928
0;100;100;0;100;0;100;0;0;0;11;1889.8499999999278
0;100;100;0;100;0;100;0;0;0;11;1892.3999999999276
0;100;100;0;100;0;100;0;0;0;11;1894.9499999999273
0;100;100;0;100;0;100;0;0;0;11;1897.499999999927
0;100;100;0;100;0;100;0;0;0;11;1900.0499999999267
0;100;100;0;100;0;100;0;0;0;11;1902.5999999999265
0;100;100;0;100;0;100;0;0;0;11;1905.1499999999262
0;100;100;0;100;0;100;0;0;0;11;1907.699999999926
0;100;100;0;100;0;100;0;0;0;11;1910.2499999999256
0;100;100;0;100;0;100;0;0;0;11;1912.7999999999254
0;100;100;0;100;0;100;0;0;0;11;1915.349999999925
0;100;100;0;100;0;100;0;0;0;11;1917.8999999999248
0;100;100;0;100;0;100;0;0;0;11;1920.4499999999246
0;100;100;0;100;0;100;0;0;0;11;1922.9999999999243
0;100;100;0;100;0;100;0;0;0;11;1925.549999999924
0;100;100;0;100;0;100;0;0;0;11;1928.0999999999237
0;100;100;0;100;0;100;0;0;0;11;1930.6499999999235
0;100;100;0;100;0;100;0;0;0;11;1933.1999999999232
0;100;100;0;100;0;100;0;0;0;11;1935.749999999923
0;100;100;0;100;0;100;0;0;0;11;1938.2999999999226
0;100;100;0;100;0;100;0;0;0;11;1940.8499999999224
0;100;100;0;100;0;100;0;0;0;11;1943.399999999922
0;100;100;0;100;0;100;0;0;0;11;1945.9499999999218
0;100;100;0;100;0;100;0;0;0;11;1948.4999999999216
0;100;100;0;100;0;100;0;0;0;11;1951.0499999999213
0;100;100;0;100;0;100;0;0;0;11;1953.599999999921
0;100;100;0;100;0;100;0;0;0;11;1956.1499999999207
0;100;100;0;100;0;100;0;0;0;11;1958.6999999999205
0;100;100;0;100;0;100;0;0;0;11;1961.2499999999202
0;100;100;0;100;0;100;0;0;0;11;1963.79999999992
0;100;100;0;100;0;100;0;0;0;11;1966.3499999999196
0;100;100;0;100;0;100;0;0;0;11;1968.8999999999194
0;100;100;0;100;0;100;0;0;0;11;1971.449999999919
0;100;100;0;100;0;100;0;0;0;11;1973.9999999999188
0;100;100;0;100;0;100;0;0;0;11;1976.5499999999186
0;100;100;0;100;0;100;0;0;0;11;1979.0999999999183
0;100;100;0;100;0;100;0;0;0;11;1981.649999999918
0;100;100;0;100;0;100;0;0;0;11;1984.1999999999177
0;100;100;0;100;0;100;0;0;0;11;1986.7499999999175
0;100;100;0;100;0;100;0;0;0;11;1989.2999999999172
0;100;100;0;100;0;100;0;0;0;11;1991.849999999917
0;100;100;0;100;0;100;0;0;0;11;1994.3999999999166
0;100;100;0;100;0;100;0;0;0;11;1996.9499999999164
0;100;100;0;100;0;100;0;0;0;11;1999.499999999916
0;100;100;0;100;0;100;0;0;0;11;2002.0499999999158
0;100;100;0;100;0;100;0;0;0;11;2004.5999999999156
0;100;100;0;100;0;100;0;0;0;11;2007.1499999999153
0;100;100;0;100;0;100;0;0;0;11;2009.699999999915
0;100;100;0;100;0;100;0;0;0;11;2012.2499999999147
0;100;100;0;100;0;100;0;0;0;11;2014.7999999999145
0;100;100;0;100;0;100;0;0;0;11;2017.3499999999142
0;100;100;0;100;0;100;0;0;0;11;2019.899999999914
0;100;100;0;100;0;100;0;0;0;11;2022.4499999999136
0;100;100;0;100;0;100;0;0;0;11;2024.9999999999134
0;100;100;0;100;0;100;0;0;0;11;2027.549999999913
0;100;100;0;100;0;100;0;0;0;11;2030.0999999999128
0;100;100;0;100;0;100;0;0;0;11;2032.6499999999126
0;100;100;0;100;0;100;0;0;0;11;2035.1999999999123
0;100;100;0;100;0;100;0;0;0;11;2037.749999999912
0;100;100;0;100;0;100;0;0;0;11;2040.2999999999117
0;100;100;0;100;0;100;0;0;0;11;2042.8499999999115
0;100;100;0;100;0;100;0;0;0;11;2045.3999999999112
0;100;100;0;100;0;100;0;0;0;11;2047.949999999911
0;100;100;0;100;0;100;0;0;0;11;2050.4999999999104
0;100;100;0;100;0;100;0;0;0;11;2053.04999999991
0;100;100;0;100;0;100;0;0;0;11;2055.59999999991
0;100;100;0;100;0;100;0;0;0;11;2058.1499999999096
0;100;100;0;100;0;100;0;0;0;11;2060.6999999999093
0;100;100;0;100;0;100;0;0;0;11;2063.249999999909
0;100;100;0;100;0;100;0;0;0;11;2065.799999999909
0;100;100;0;100;0;100;0;0;0;11;2068.3499999999085
0;100;100;0;100;0;100;0;0;0;11;2070.8999999999082
0;100;100;0;100;0;100;0;0;0;11;2073.449999999908
0;100;100;0;100;0;100;0;0;0;11;2075.9999999999077
0;100;100;0;100;0;100;0;0;0;11;2078.5499999999074
0;100;100;0;100;0;100;0;0;0;11;2081.099999999907
0;100;100;0;100;0;100;0;0;0;11;2083.649999999907
0;100;100;0;100;0;100;0;0;0;11;2086.1999999999066
0;100;100;0;100;0;100;0;0;0;11;2088.7499999999063
0;100;100;0;100;0;100;0;0;0;11;2091.299999999906
0;100;100;0;100;0;100;0;0;0;11;2093.849999999906
0;100;100;0;100;0;100;0;0;0;11;2096.3999999999055
0;100;100;0;100;0;100;0;0;0;11;2098.9499999999052
0;100;100;0;100;0;100;0;0;0;11;2101.499999999905
0;100;100;0;100;0;100;0;0;0;11;2104.0499999999047
0;100;100;0;100;0;100;0;0;0;11;2106.5999999999044
0;100;100;0;100;0;100;0;0;0;11;2109.149999999904
0;100;100;0;100;0;100;0;0;0;11;2111.699999999904
0;100;100;0;100;0;100;0;0;0;11;2114.2499999999036
0;100;100;0;100;0;100;0;0;0;11;2116.7999999999033
0;100;100;0;100;0;100;0;0;0;11;2119.349999999903
0;100;100;0;100;0;100;0;0;0;11;2121.899999999903
0;100;100;0;100;0;100;0;0;0;11;2124.4499999999025
0;100;100;0;100;0;100;0;0;0;11;2126.9999999999022
0;100;100;0;100;0;100;0;0;0;11;2129.549999999902
0;100;100;0;100;0;100;0;0;0;11;2132.0999999999017
0;100;100;0;100;0;100;0;0;0;11;2134.6499999999014
0;100;100;0;100;0;100;0;0;0;11;2137.199999999901
0;100;100;0;100;0;100;0;0;0;11;2139.749999999901
0;100;100;0;100;0;100;0;0;0;11;2142.2999999999006
0;100;100;0;100;0;100;0;0;0;11;2144.8499999999003
0;100;100;0;100;0;100;0;0;0;11;2147.3999999999
0;100;100;0;100;0;100;0;0;0;11;2149.9499999999
0;100;100;0;100;0;100;0;0;0;11;2152.4999999998995
0;100;100;0;100;0;100;0;0;0;11;2155.0499999998992
0;100;100;0;100;0;100;0;0;0;11;2157.599999999899
0;100;100;0;100;0;100;0;0;0;11;2160.1499999998987
0;100;100;0;100;0;100;0;0;0;11;2162.6999999998984
0;100;100;0;100;0;100;0;0;0;11;2165.249999999898
0;100;100;0;100;0;100;0;0;0;11;2167.799999999898
0;100;100;0;100;0;100;0;0;0;11;2170.3499999998976
0;100;100;0;100;0;100;0;0;0;11;2172.8999999998973
0;100;100;0;100;0;100;0;0;0;11;2175.449999999897
0;100;100;0;100;0;100;0;0;0;11;2177.9999999998968
0;100;100;0;100;0;100;0;0;0;11;2180.5499999998965
0;100;100;0;100;0;100;0;0;0;11;2183.099999999896
0;100;100;0;100;0;100;0;0;0;11;2185.649999999896
0;100;100;0;100;0;100;0;0;0;11;2188.1999999998957
0;100;100;0;100;0;100;0;0;0;11;2190.7499999998954
0;100;100;0;100;0;100;0;0;0;11;2193.299999999895
0;100;100;0;100;0;100;0;0;0;11;2195.849999999895
0;100;100;0;100;0;100;0;0;0;11;2198.3999999998946
0;100;100;0;100;0;100;0;0;0;11;2200.9499999998943
0;100;100;0;100;0;100;0;0;0;11;2203.499999999894
0;100;100;0;100;0;100;0;0;0;11;2206.0499999998938
0;100;100;0;100;0;100;0;0;0;11;2208.5999999998935
0;100;100;0;100;0;100;0;0;0;11;2211.149999999893
0;100;100;0;100;0;100;0;0;0;11;2213.699999999893
0;100;100;0;100;0;100;0;0;0;11;2216.2499999998927
0;100;100;0;100;0;100;0;0;0;11;2218.7999999998924
0;100;100;0;100;0;100;0;0;0;11;2221.349999999892
0;100;100;0;100;0;100;0;0;0;11;2223.899999999892
0;100;100;0;100;0;100;0;0;0;11;2226.4499999998916
0;100;100;0;100;0;100;0;0;0;11;2228.9999999998913
0;100;100;0;100;0;100;0;0;0;11;2231.549999999891
0;100;100;0;100;0;100;0;0;0;11;2234.0999999998908
0;100;100;0;100;0;100;0;0;0;11;2236.6499999998905
0;100;100;0;100;0;100;0;0;0;11;2239.19999999989
0;100;100;0;100;0;100;0;0;0;11;2241.74999999989
0;100;100;0;100;0;100;0;0;0;11;2244.2999999998897
0;100;100;0;100;0;100;0;0;0;11;2246.8499999998894
0;100;100;0;100;0;100;0;0;0;11;2249.399999999889
0;100;100;0;100;0;100;0;0;0;11;2251.949999999889
0;100;100;0;100;0;100;0;0;0;11;2254.4999999998886
0;100;100;0;100;0;100;0;0;0;11;2257.0499999998883
0;100;100;0;100;0;100;0;0;0;11;2259.599999999888
0;100;100;0;100;0;100;0;0;0;11;2262.1499999998878
0;100;100;0;100;0;100;0;0;0;11;2264.6999999998875
0;100;100;0;100;0;100;0;0;0;11;2267.249999999887
0;100;100;0;100;0;100;0;0;0;11;2269.799999999887
0;100;100;0;100;0;100;0;0;0;11;2272.3499999998867
0;100;100;0;100;0;100;0;0;0;11;2274.8999999998864
0;100;100;0;100;0;100;0;0;0;11;2277.449999999886
0;100;100;0;100;0;100;0;0;0;11;2279.999999999886
0;100;100;0;100;0;100;0;0;0;11;2282.5499999998856
0;100;100;0;100;0;100;0;0;0;11;2285.0999999998853
0;100;100;0;100;0;100;0;0;0;11;2287.649999999885
0;100;100;0;100;0;100;0;0;0;11;2290.1999999998848
0;100;100;0;100;0;100;0;0;0;11;2292.7499999998845
0;100;100;0;100;0;100;0;0;0;11;2295.299999999884
0;100;100;0;100;0;100;0;0;0;11;2297.849999999884
0;100;100;0;100;0;100;0;0;0;11;2300.3999999998837
0;100;100;0;100;0;100;0;0;0;11;2302.9499999998834
0;100;100;0;100;0;100;0;0;0;11;2305.499999999883
0;100;100;0;100;0;100;0;0;0;11;2308.049999999883
0;100;100;0;100;0;100;0;0;0;11;2310.5999999998826
0;100;100;0;100;0;100;0;0;0;11;2313.1499999998823
0;100;100;0;100;0;100;0;0;0;11;2315.699999999882
0;100;100;0;100;0;100;0;0;0;11;2318.2499999998818
0;100;100;0;100;0;100;0;0;0;11;2320.7999999998815
0;100;100;0;100;0;100;0;0;0;11;2323.349999999881
0;100;100;0;100;0;100;0;0;0;11;2325.899999999881
0;100;100;0;100;0;100;0;0;0;11;2328.4499999998807
0;100;100;0;100;0;100;0;0;0;11;2330.9999999998804
0;100;100;0;100;0;100;0;0;0;11;2333.54999999988
0;100;100;0;100;0;100;0;0;0;11;2336.09999999988
0;100;100;0;100;0;100;0;0;0;11;2338.6499999998796
0;100;100;0;100;0;100;0;0;0;11;2341.1999999998793
0;100;100;0;100;0;100;0;0;0;11;2343.749999999879
0;100;100;0;100;0;100;0;0;0;11;2346.2999999998788
0;100;100;0;100;0;100;0;0;0;11;2348.8499999998785
0;100;100;0;100;0;100;0;0;0;11;2351.399999999878
0;100;100;0;100;0;100;0;0;0;11;2353.949999999878
0;100;100;0;100;0;100;0;0;0;11;2356.4999999998777
0;100;100;0;100;0;100;0;0;0;11;2359.0499999998774
0;100;100;0;100;0;100;0;0;0;11;2361.599999999877
0;100;100;0;100;0;100;0;0;0;11;2364.149999999877
0;100;100;0;100;0;100;0;0;0;11;2366.6999999998766
0;100;100;0;100;0;100;0;0;0;11;2369.2499999998763
0;100;100;0;100;0;100;0;0;0;11;2371.799999999876
0;100;100;0;100;0;100;0;0;0;11;2374.3499999998758
0;100;100;0;100;0;100;0;0;0;11;2376.8999999998755
0;100;100;0;100;0;100;0;0;0;11;2379.449999999875
0;100;100;0;100;0;100;0;0;0;11;2381.999999999875
0;100;100;0;100;0;100;0;0;0;11;2384.5499999998747
0;100;100;0;100;0;100;0;0;0;11;2387.0999999998744
0;100;100;0;100;0;100;0;0;0;11;2389.649999999874
0;100;100;0;100;0;100;0;0;0;11;2392.199999999874
0;100;100;0;100;0;100;0;0;0;11;2394.7499999998736
0;100;100;0;100;0;100;0;0;0;11;2397.2999999998733
0;100;100;0;100;0;100;0;0;0;11;2399.849999999873
0;100;100;0;100;0;100;0;0;0;11;2402.3999999998728
0;100;100;0;100;0;100;0;0;0;11;2404.9499999998725
0;100;100;0;100;0;100;0;0;0;11;2407.499999999872
0;100;100;0;100;0;100;0;0;0;11;2410.049999999872
0;100;100;0;100;0;100;0;0;0;11;2412.5999999998717
0;100;100;0;100;0;100;0;0;0;11;2415.1499999998714
0;100;100;0;100;0;100;0;0;0;11;2417.699999999871
0;100;100;0;100;0;100;0;0;0;11;2420.249999999871
0;100;100;0;100;0;100;0;0;0;11;2422.7999999998706
0;100;100;0;100;0;100;0;0;0;11;2425.3499999998703
0;100;100;0;100;0;100;0;0;0;11;2427.89999999987
0;100;100;0;100;0;100;0;0;0;11;2430.4499999998698
0;100;100;0;100;0;100;0;0;0;11;2432.9999999998695
0;100;100;0;100;0;100;0;0;0;11;2435.549999999869
0;100;100;0;100;0;100;0;0;0;11;2438.099999999869
0;100;100;0;100;0;100;0;0;0;11;2440.6499999998687
0;100;100;0;100;0;100;0;0;0;11;2443.1999999998684
0;100;100;0;100;0;100;0;0;0;11;2445.749999999868
0;100;100;0;100;0;100;0;0;0;11;2448.299999999868
0;100;100;0;100;0;100;0;0;0;11;2450.8499999998676
0;100;100;0;100;0;100;0;0;0;11;2453.3999999998673
0;100;100;0;100;0;100;0;0;0;11;2455.949999999867
0;100;100;0;100;0;100;0;0;0;11;2458.4999999998668
0;100;100;0;100;0;100;0;0;0;11;2461.0499999998665
0;100;100;0;100;0;100;0;0;0;11;2463.599999999866
0;100;100;0;100;0;100;0;0;0;11;2466.149999999866
0;100;100;0;100;0;100;0;0;0;11;2468.6999999998657
0;100;100;0;100;0;100;0;0;0;11;2471.2499999998654
0;100;100;0;100;0;100;0;0;0;11;2473.799999999865
0;100;100;0;100;0;100;0;0;0;11;2476.349999999865
0;100;100;0;100;0;100;0;0;0;11;2478.8999999998646
0;100;100;0;100;0;100;0;0;0;11;2481.4499999998643
0;100;100;0;100;0;100;0;0;0;11;2483.999999999864
0;100;100;0;100;0;100;0;0;0;11;2486.5499999998638
0;100;100;0;100;0;100;0;0;0;11;2489.0999999998635
0;100;100;0;100;0;100;0;0;0;11;2491.649999999863
0;100;100;0;100;0;100;0;0;0;11;2494.199999999863
0;100;100;0;100;0;100;0;0;0;11;2496.7499999998627
0;100;100;0;100;0;100;0;0;0;11;2499.2999999998624
0;100;100;0;100;0;100;0;0;0;11;2501.849999999862
0;100;100;0;100;0;100;0;0;0;11;2504.399999999862
0;100;100;0;100;0;100;0;0;0;11;2506.9499999998616
0;100;100;0;100;0;100;0;0;0;11;2509.4999999998613
0;100;100;0;100;0;100;0;0;0;11;2512.049999999861
0;100;100;0;100;0;100;0;0;0;11;2514.5999999998608
0;100;100;0;100;0;100;0;0;0;11;2517.1499999998605
0;100;100;0;100;0;100;0;0;0;11;2519.69999999986
0;100;100;0;100;0;100;0;0;0;11;2522.24999999986
0;100;100;0;100;0;100;0;0;0;11;2524.7999999998597
0;100;100;0;100;0;100;0;0;0;11;2527.3499999998594
0;100;100;0;100;0;100;0;0;0;11;2529.899999999859
0;100;100;0;100;0;100;0;0;0;11;2532.449999999859
0;100;100;0;100;0;100;0;0;0;11;2534.9999999998586
0;100;100;0;100;0;100;0;0;0;11;2537.5499999998583
0;100;100;0;100;0;100;0;0;0;11;2540.099999999858
0;100;100;0;100;0;100;0;0;0;11;2542.6499999998578
0;100;100;0;100;0;100;0;0;0;11;2545.1999999998575
0;100;100;0;100;0;100;0;0;0;11;2547.749999999857
0;100;100;0;100;0;100;0;0;0;11;2550.299999999857
0;100;100;0;100;0;100;0;0;0;11;2552.8499999998567
0;100;100;0;100;0;100;0;0;0;11;2555.3999999998564
0;100;100;0;100;0;100;0;0;0;11;2557.949999999856
0;100;100;0;100;0;100;0;0;0;11;2560.499999999856
0;100;100;0;100;0;100;0;0;0;11;2563.0499999998556
0;100;100;0;100;0;100;0;0;0;11;2565.5999999998553
0;100;100;0;100;0;100;0;0;0;11;2568.149999999855
0;100;100;0;100;0;100;0;0;0;11;2570.6999999998548
0;100;100;0;100;0;100;0;0;0;11;2573.2499999998545
0;100;100;0;100;0;100;0;0;0;11;2575.799999999854
0;100;100;0;100;0;100;0;0;0;11;2578.349999999854
0;100;100;0;100;0;100;0;0;0;11;2580.8999999998537
0;100;100;0;100;0;100;0;0;0;11;2583.4499999998534
0;100;100;0;100;0;100;0;0;0;11;2585.999999999853
0;100;100;0;100;0;100;0;0;0;11;2588.549999999853
0;100;100;0;100;0;100;0;0;0;11;2591.0999999998526
0;100;100;0;100;0;100;0;0;0;11;2593.6499999998523
0;100;100;0;100;0;100;0;0;0;11;2596.199999999852
0;100;100;0;100;0;100;0;0;0;11;2598.7499999998518
0;100;100;0;100;0;100;0;0;0;11;2601.2999999998515
0;100;100;0;100;0;100;0;0;0;11;2603.849999999851
0;100;100;0;100;0;100;0;0;0;11;2606.399999999851
0;100;100;0;100;0;100;0;0;0;11;2608.9499999998507
0;100;100;0;100;0;100;0;0;0;11;2611.4999999998504
0;100;100;0;100;0;100;0;0;0;11;2614.04999999985
0;100;100;0;100;0;100;0;0;0;11;2616.59999999985
0;100;100;0;100;0;100;0;0;0;11;2619.1499999998496
0;100;100;0;100;0;100;0;0;0;11;2621.6999999998493
0;100;100;0;100;0;100;0;0;0;11;2624.249999999849
0;100;100;0;100;0;100;0;0;0;11;2626.7999999998488
0;100;100;0;100;0;100;0;0;0;11;2629.3499999998485
0;100;100;0;100;0;100;0;0;0;11;2631.899999999848
0;100;100;0;100;0;100;0;0;0;11;2634.449999999848
0;100;100;0;100;0;100;0;0;0;11;2636.9999999998477
0;100;100;0;100;0;100;0;0;0;11;2639.5499999998474
0;100;100;0;100;0;100;0;0;0;11;2642.099999999847
0;100;100;0;100;0;100;0;0;0;11;2644.649999999847
0;100;100;0;100;0;100;0;0;0;11;2647.1999999998466
0;100;100;0;100;0;100;0;0;0;11;2649.7499999998463
0;100;100;0;100;0;100;0;0;0;11;2652.299999999846
0;100;100;0;100;0;100;0;0;0;11;2654.8499999998457
0;100;100;0;100;0;100;0;0;0;11;2657.3999999998455
0;100;100;0;100;0;100;0;0;0;11;2659.949999999845
0;100;100;0;100;0;100;0;0;0;11;2662.499999999845
0;100;100;0;100;0;100;0;0;0;11;2665.0499999998447
0;100;100;0;100;0;100;0;0;0;11;2667.5999999998444
0;100;100;0;100;0;100;0;0;0;11;2670.149999999844
0;100;100;0;100;0;100;0;0;0;11;2672.699999999844
0;100;100;0;100;0;100;0;0;0;11;2675.2499999998436
0;100;100;0;100;0;100;0;0;0;11;2677.7999999998433
0;100;100;0;100;0;100;0;0;0;11;2680.349999999843
0;100;100;0;100;0;100;0;0;0;11;2682.8999999998427
0;100;100;0;100;0;100;0;0;0;11;2685.4499999998425
0;100;100;0;100;0;100;0;0;0;11;2687.999999999842
0;100;100;0;100;0;100;0;0;0;11;2690.549999999842
0;100;100;0;100;0;100;0;0;0;11;2693.0999999998417
0;100;100;0;100;0;100;0;0;0;11;2695.6499999998414
0;100;100;0;100;0;100;0;0;0;11;2698.199999999841
0;100;100;0;100;0;100;0;0;0;11;2700.749999999841
0;100;100;0;100;0;100;0;0;0;11;2703.2999999998406
0;100;100;0;100;0;100;0;0;0;11;2705.8499999998403
0;100;100;0;100;0;100;0;0;0;11;2708.39999999984
0;100;100;0;100;0;100;0;0;0;11;2710.9499999998397
0;100;100;0;100;0;100;0;0;0;11;2713.4999999998395
0;100;100;0;100;0;100;0;0;0;11;2716.049999999839
0;100;100;0;100;0;100;0;0;0;11;2718.599999999839
0;100;100;0;100;0;100;0;0;0;11;2721.1499999998387
0;100;100;0;100;0;100;0;0;0;11;2723.6999999998384
0;100;100;0;100;0;100;0;0;0;11;2726.249999999838
0;100;100;0;100;0;100;0;0;0;11;2728.799999999838
0;100;100;0;100;0;100;0;0;0;11;2731.3499999998376
0;100;100;0;100;0;100;0;0;0;11;2733.8999999998373
0;100;100;0;100;0;100;0;0;0;11;2736.449999999837
0;100;100;0;100;0;100;0;0;0;11;2738.9999999998367
0;100;100;0;100;0;100;0;0;0;11;2741.5499999998365
0;100;100;0;100;0;100;0;0;0;11;2744.099999999836
0;100;100;0;100;0;100;0;0;0;11;2746.649999999836
0;100;100;0;100;0;100;0;0;0;11;2749.1999999998357
0;100;100;0;100;0;100;0;0;0;11;2751.7499999998354
0;100;100;0;100;0;100;0;0;0;11;2754.299999999835
0;100;100;0;100;0;100;0;0;0;11;2756.849999999835
0;100;100;0;100;0;100;0;0;0;11;2759.3999999998346
0;100;100;0;100;0;100;0;0;0;11;2761.9499999998343
0;100;100;0;100;0;100;0;0;0;11;2764.499999999834
0;100;100;0;100;0;100;0;0;0;11;2767.0499999998337
0;100;100;0;100;0;100;0;0;0;11;2769.5999999998335
0;100;100;0;100;0;100;0;0;0;11;2772.149999999833
0;100;100;0;100;0;100;0;0;0;11;2774.699999999833
0;100;100;0;100;0;100;0;0;0;11;2777.2499999998327
0;100;100;0;100;0;100;0;0;0;11;2779.7999999998324
0;100;100;0;100;0;100;0;0;0;11;2782.349999999832
0;100;100;0;100;0;100;0;0;0;11;2784.899999999832
0;100;100;0;100;0;100;0;0;0;11;2787.4499999998316
0;100;100;0;100;0;100;0;0;0;11;2789.9999999998313
0;100;100;0;100;0;100;0;0;0;11;2792.549999999831
0;100;100;0;100;0;100;0;0;0;11;2795.0999999998307
0;100;100;0;100;0;100;0;0;0;11;2797.6499999998305
0;100;100;0;100;0;100;0;0;0;11;2800.19999999983
0;100;100;0;100;0;100;0;0;0;11;2802.74999999983
0;100;100;0;100;0;100;0;0;0;11;2805.2999999998297
0;100;100;0;100;0;100;0;0;0;11;2807.8499999998294
0;100;100;0;100;0;100;0;0;0;11;2810.399999999829
0;100;100;0;100;0;100;0;0;0;11;2812.949999999829
0;100;100;0;100;0;100;0;0;0;11;2815.4999999998286
0;100;100;0;100;0;100;0;0;0;11;2818.0499999998283
0;100;100;0;100;0;100;0;0;0;11;2820.599999999828
0;100;100;0;100;0;100;0;0;0;11;2823.1499999998277
0;100;100;0;100;0;100;0;0;0;11;2825.6999999998275
0;100;100;0;100;0;100;0;0;0;11;2828.249999999827
0;100;100;0;100;0;100;0;0;0;11;2830.799999999827
0;100;100;0;100;0;100;0;0;0;11;2833.3499999998267
0;100;100;0;100;0;100;0;0;0;11;2835.8999999998264
0;100;100;0;100;0;100;0;0;0;11;2838.449999999826
0;100;100;0;100;0;100;0;0;0;11;2840.999999999826
0;100;100;0;100;0;100;0;0;0;11;2843.5499999998256
0;100;100;0;100;0;100;0;0;0;11;2846.0999999998253
0;100;100;0;100;0;100;0;0;0;11;2848.649999999825
0;100;100;0;100;0;100;0;0;0;11;2851.1999999998247
0;100;100;0;100;0;100;0;0;0;11;2853.7499999998245
0;100;100;0;100;0;100;0;0;0;11;2856.299999999824
0;100;100;0;100;0;100;0;0;0;11;2858.849999999824
0;100;100;0;100;0;100;0;0;0;11;2861.3999999998236
0;100;100;0;100;0;100;0;0;0;11;2863.9499999998234
0;100;100;0;100;0;100;0;0;0;11;2866.499999999823
0;100;100;0;100;0;100;0;0;0;11;2869.049999999823
0;100;100;0;100;0;100;0;0;0;11;2871.5999999998226
0;100;100;0;100;0;100;0;0;0;11;2874.1499999998223
0;100;100;0;100;0;100;0;0;0;11;2876.699999999822
0;100;100;0;100;0;100;0;0;0;11;2879.2499999998217
0;100;100;0;100;0;100;0;0;0;11;2881.7999999998215
0;100;100;0;100;0;100;0;0;0;11;2884.349999999821
0;100;100;0;100;0;100;0;0;0;11;2886.899999999821
0;100;100;0;100;0;100;0;0;0;11;2889.4499999998206
0;100;100;0;100;0;100;0;0;0;11;2891.9999999998204
0;100;100;0;100;0;100;0;0;0;11;2894.54999999982
0;100;100;0;100;0;100;0;0;0;11;2897.09999999982
0;100;100;0;100;0;100;0;0;0;11;2899.6499999998196
0;100;100;0;100;0;100;0;0;0;11;2902.1999999998193
0;100;100;0;100;0;100;0;0;0;11;2904.749999999819
0;100;100;0;100;0;100;0;0;0;11;2907.2999999998187
0;100;100;0;100;0;100;0;0;0;11;2909.8499999998185
0;100;100;0;100;0;100;0;0;0;11;2912.399999999818
0;100;100;0;100;0;100;0;0;0;11;2914.949999999818
0;100;100;0;100;0;100;0;0;0;11;2917.4999999998176
0;100;100;0;100;0;100;0;0;0;11;2920.0499999998174
0;100;100;0;100;0;100;0;0;0;11;2922.599999999817
0;100;100;0;100;0;100;0;0;0;11;2925.149999999817
0;100;100;0;100;0;100;0;0;0;11;2927.6999999998166
0;100;100;0;100;0;100;0;0;0;11;2930.2499999998163
0;100;100;0;100;0;100;0;0;0;11;2932.799999999816
0;100;100;0;100;0;100;0;0;0;11;2935.3499999998157
0;100;100;0;100;0;100;0;0;0;11;2937.8999999998155
0;100;100;0;100;0;100;0;0;0;11;2940.449999999815
0;100;100;0;100;0;100;0;0;0;11;2942.999999999815
0;100;100;0;100;0;100;0;0;0;11;2945.5499999998146
0;100;100;0;100;0;100;0;0;0;11;2948.0999999998144
0;100;100;0;100;0;100;0;0;0;11;2950.649999999814
0;100;100;0;100;0;100;0;0;0;11;2953.199999999814
0;100;100;0;100;0;100;0;0;0;11;2955.7499999998136
0;100;100;0;100;0;100;0;0;0;11;2958.2999999998133
0;100;100;0;100;0;100;0;0;0;11;2960.849999999813
0;100;100;0;100;0;100;0;0;0;11;2963.3999999998127
0;100;100;0;100;0;100;0;0;0;11;2965.9499999998125
0;100;100;0;100;0;100;0;0;0;11;2968.499999999812
0;100;100;0;100;0;100;0;0;0;11;2971.049999999812
0;100;100;0;100;0;100;0;0;0;11;2973.5999999998116
0;100;100;0;100;0;100;0;0;0;11;2976.1499999998114
0;100;100;0;100;0;100;0;0;0;11;2978.699999999811
0;100;100;0;100;0;100;0;0;0;11;2981.249999999811
0;100;100;0;100;0;100;0;0;0;11;2983.7999999998106
0;100;100;0;100;0;100;0;0;0;11;2986.3499999998103
0;100;100;0;100;0;100;0;0;0;11;2988.89999999981
0;100;100;0;100;0;100;0;0;0;11;2991.4499999998097
0;100;100;0;100;0;100;0;0;0;11;2993.9999999998095
0;100;100;0;100;0;100;0;0;0;11;2996.549999999809
0;100;100;0;100;0;100;0;0;0;11;2999.099999999809
0;100;100;0;100;0;100;0;0;0;11;3001.6499999998086
0;100;100;0;100;0;100;0;0;0;11;3004.1999999998084
0;100;100;0;100;0;100;0;0;0;11;3006.749999999808
0;100;100;0;100;0;100;0;0;0;11;3009.299999999808
0;100;100;0;100;0;100;0;0;0;11;3011.8499999998076
0;100;100;0;100;0;100;0;0;0;11;3014.3999999998073
0;100;100;0;100;0;100;0;0;0;11;3016.949999999807
0;100;100;0;100;0;100;0;0;0;11;3019.4999999998067
0;100;100;0;100;0;100;0;0;0;11;3022.0499999998065
0;100;100;0;100;0;100;0;0;0;11;3024.599999999806
0;100;100;0;100;0;100;0;0;0;11;3027.149999999806
0;100;100;0;100;0;100;0;0;0;11;3029.6999999998056
0;100;100;0;100;0;100;0;0;0;11;3032.2499999998054
0;100;100;0;100;0;100;0;0;0;11;3034.799999999805
0;100;100;0;100;0;100;0;0;0;11;3037.349999999805
0;100;100;0;100;0;100;0;0;0;11;3039.8999999998045
0;100;100;0;100;0;100;0;0;0;11;3042.4499999998043
0;100;100;0;100;0;100;0;0;0;11;3044.999999999804
0;100;100;0;100;0;100;0;0;0;11;3047.5499999998037
0;100;100;0;100;0;100;0;0;0;11;3050.0999999998035
0;100;100;0;100;0;100;0;0;0;11;3052.649999999803
0;100;100;0;100;0;100;0;0;0;11;3055.199999999803
0;100;100;0;100;0;100;0;0;0;11;3057.7499999998026
0;100;100;0;100;0;100;0;0;0;11;3060.2999999998024
0;100;100;0;100;0;100;0;0;0;11;3062.849999999802
0;100;100;0;100;0;100;0;0;0;11;3065.399999999802
0;100;100;0;100;0;100;0;0;0;11;3067.9499999998015
0;100;100;0;100;0;100;0;0;0;11;3070.4999999998013
0;100;100;0;100;0;100;0;0;0;11;3073.049999999801
0;100;100;0;100;0;100;0;0;0;11;3075.5999999998007
0;100;100;0;100;0;100;0;0;0;11;3078.1499999998005
0;100;100;0;100;0;100;0;0;0;11;3080.6999999998
0;100;100;0;100;0;100;0;0;0;11;3083.2499999998
0;100;100;0;100;0;100;0;0;0;11;3085.7999999997996
0;100;100;0;100;0;100;0;0;0;11;3088.3499999997994
0;100;100;0;100;0;100;0;0;0;11;3090.899999999799
0;100;100;0;100;0;100;0;0;0;11;3093.449999999799
0;100;100;0;100;0;100;0;0;0;11;3095.9999999997985
0;100;100;0;100;0;100;0;0;0;11;3098.5499999997983
0;100;100;0;100;0;100;0;0;0;11;3101.099999999798
0;100;100;0;100;0;100;0;0;0;11;3103.6499999997977
0;100;100;0;100;0;100;0;0;0;11;3106.1999999997975
0;100;100;0;100;0;100;0;0;0;11;3108.749999999797
0;100;100;0;100;0;100;0;0;0;11;3111.299999999797
0;100;100;0;100;0;100;0;0;0;11;3113.8499999997966
0;100;100;0;100;0;100;0;0;0;11;3116.3999999997964
0;100;100;0;100;0;100;0;0;0;11;3118.949999999796
0;100;100;0;100;0;100;0;0;0;11;3121.499999999796
0;100;100;0;100;0;100;0;0;0;11;3124.0499999997955
0;100;100;0;100;0;100;0;0;0;11;3126.5999999997953
0;100;100;0;100;0;100;0;0;0;11;3129.149999999795
0;100;100;0;100;0;100;0;0;0;11;3131.6999999997947
0;100;100;0;100;0;100;0;0;0;11;3134.2499999997945
0;100;100;0;100;0;100;0;0;0;11;3136.799999999794
0;100;100;0;100;0;100;0;0;0;11;3139.349999999794
0;100;100;0;100;0;100;0;0;0;11;3141.8999999997936
0;100;100;0;100;0;100;0;0;0;11;3144.4499999997934
0;100;100;0;100;0;100;0;0;0;11;3146.999999999793
0;100;100;0;100;0;100;0;0;0;11;3149.549999999793
0;100;100;0;100;0;100;0;0;0;11;3152.0999999997925
0;100;100;0;100;0;100;0;0;0;11;3154.6499999997923
0;100;100;0;100;0;100;0;0;0;11;3157.199999999792
0;100;100;0;100;0;100;0;0;0;11;3159.7499999997917
0;100;100;0;100;0;100;0;0;0;11;3162.2999999997915
0;100;100;0;100;0;100;0;0;0;11;3164.849999999791
0;100;100;0;100;0;100;0;0;0;11;3167.399999999791
0;100;100;0;100;0;100;0;0;0;11;3169.9499999997906
0;100;100;0;100;0;100;0;0;0;11;3172.4999999997904
0;100;100;0;100;0;100;0;0;0;11;3175.04999999979
0;100;100;0;100;0;100;0;0;0;11;3177.59999999979
0;100;100;0;100;0;100;0;0;0;11;3180.1499999997895
0;100;100;0;100;0;100;0;0;0;11;3182.6999999997893
0;100;100;0;100;0;100;0;0;0;11;3185.249999999789
0;100;100;0;100;0;100;0;0;0;11;3187.7999999997887
0;100;100;0;100;0;100;0;0;0;11;3190.3499999997885
0;100;100;0;100;0;100;0;0;0;11;3192.899999999788
0;100;100;0;100;0;100;0;0;0;11;3195.449999999788
0;100;100;0;100;0;100;0;0;0;11;3197.9999999997876
0;100;100;0;100;0;100;0;0;0;11;3200.5499999997874
0;100;100;0;100;0;100;0;0;0;11;3203.099999999787
0;100;100;0;100;0;100;0;0;0;11;3205.649999999787
0;100;100;0;100;0;100;0;0;0;11;3208.1999999997865
0;100;100;0;100;0;100;0;0;0;11;3210.7499999997863
0;100;100;0;100;0;100;0;0;0;11;3213.299999999786
0;100;100;0;100;0;100;0;0;0;11;3215.8499999997857
0;100;100;0;100;0;100;0;0;0;11;3218.3999999997855
0;100;100;0;100;0;100;0;0;0;11;3220.949999999785
0;100;100;0;100;0;100;0;0;0;11;3223.499999999785
0;100;100;0;100;0;100;0;0;0;11;3226.0499999997846
0;100;100;0;100;0;100;0;0;0;11;3228.5999999997844
0;100;100;0;100;0;100;0;0;0;11;3231.149999999784
0;100;100;0;100;0;100;0;0;0;11;3233.699999999784
0;100;100;0;100;0;100;0;0;0;11;3236.2499999997835
0;100;100;0;100;0;100;0;0;0;11;3238.7999999997833
0;100;100;0;100;0;100;0;0;0;11;3241.349999999783
0;25;100;0;100;0;100;0;0;0;11;3243.6499999997827
0;0;100;0;100;0;100;0;0;0;10;3245.4499999997824
0;0;100;0;100;0;100;0;0;0;9;3247.249999999782
0;0;100;0;100;0;100;0;0;0;8;3249.049999999782
0;0;100;0;100;0;100;0;0;0;7;3250.8499999997816
0;0;100;0;100;0;100;0;0;0;6;3232.1499999997814
0;0;100;0;100;0;100;0;0;0;6;3233.949999999781
0;0;100;0;100;0;100;0;0;0;6;3235.749999999781
0;0;100;0;100;0;100;0;0;0;6;3237.5499999997805
0;0;100;0;100;0;100;0;0;0;6;3239.3499999997803
0;0;100;0;100;0;100;0;0;0;6;3241.14999999978
0;0;100;0;100;0;100;0;0;0;6;3242.9499999997797
0;0;100;0;100;0;100;0;0;0;6;3244.7499999997794
0;0;100;0;100;0;100;0;0;0;6;3246.549999999779
0;0;100;0;100;0;100;0;0;0;6;3248.349999999779
0;0;100;0;100;0;100;0;0;0;6;3250.1499999997786
0;0;100;0;100;0;100;0;0;0;6;3251.9499999997784
0;0;100;0;100;0;100;0;0;0;6;3253.749999999778
0;0;100;0;100;0;100;0;0;0;6;3255.549999999778
0;0;100;0;100;0;100;0;0;0;6;3257.3499999997775
0;0;100;0;100;0;100;0;0;0;6;3259.1499999997773
0;0;100;0;100;0;100;0;0;0;6;3260.949999999777
0;0;100;0;100;0;100;0;0;0;6;3262.7499999997767
0;0;100;0;100;0;100;0;0;0;6;3264.5499999997764
0;0;100;0;100;0;100;0;0;0;6;3266.349999999776
0;0;100;0;100;0;100;0;0;0;6;3268.149999999776
0;0;100;0;100;0;100;0;0;0;6;3269.9499999997756
0;0;100;0;100;0;100;0;0;0;6;3271.7499999997754
0;0;100;0;100;0;100;0;0;0;6;3273.549999999775
0;0;100;0;100;0;100;0;0;0;6;3275.349999999775
0;0;100;0;100;0;100;0;0;0;6;3277.1499999997745
0;0;100;0;100;0;100;0;0;0;6;3278.9499999997743
0;0;100;0;100;0;100;0;0;0;6;3280.749999999774
0;0;100;0;100;0;100;0;0;0;6;3282.5499999997737
0;0;100;0;100;0;100;0;0;0;6;3284.3499999997734
0;0;100;0;100;0;100;0;0;0;6;3286.149999999773
0;0;100;0;100;0;100;0;0;0;6;3287.949999999773
0;0;100;0;100;0;100;0;0;0;6;3289.7499999997726
0;0;100;0;100;0;100;0;0;0;6;3291.5499999997724
0;0;100;0;100;0;100;0;0;0;6;3293.349999999772
0;0;100;0;100;0;100;0;0;0;6;3295.149999999772
0;0;100;0;100;0;100;0;0;0;6;3296.9499999997715
0;0;100;0;100;0;100;0;0;0;6;3298.7499999997713
0;0;100;0;100;0;100;0;0;0;6;3300.549999999771
0;0;100;0;100;0;100;0;0;0;6;3302.3499999997707
0;0;100;0;100;0;100;0;0;0;6;3304.1499999997704
0;0;100;0;100;0;100;0;0;0;6;3305.94999999977
0;0;100;0;100;0;100;0;0;0;6;3307.74999999977
0;0;100;0;100;0;100;0;0;0;6;3309.5499999997696
0;0;100;0;100;0;100;0;0;0;6;3311.3499999997694
0;0;100;0;100;0;100;0;0;0;6;3313.149999999769
0;0;100;0;100;0;100;0;0;0;6;3314.949999999769
0;0;100;0;100;0;100;0;0;0;6;3316.7499999997685
0;0;100;0;100;0;100;0;0;0;6;3318.5499999997683
0;0;100;0;100;0;100;0;0;0;6;3320.349999999768
0;0;100;0;100;0;100;0;0;0;6;3322.1499999997677
0;0;100;0;100;0;100;0;0;0;6;3323.9499999997674
0;0;100;0;100;0;100;0;0;0;6;3325.749999999767
0;0;100;0;100;0;100;0;0;0;6;3327.549999999767
0;0;100;0;100;0;100;0;0;0;6;3329.3499999997666
0;0;100;0;100;0;100;0;0;0;6;3331.1499999997664
0;0;100;0;100;0;100;0;0;0;6;3332.949999999766
0;0;100;0;100;0;100;0;0;0;6;3334.749999999766
0;0;100;0;100;0;100;0;0;0;6;3336.5499999997655
0;0;100;0;100;0;100;0;0;0;6;3338.3499999997653
0;0;100;0;100;0;100;0;0;0;6;3340.149999999765
0;0;100;0;100;0;100;0;0;0;6;3341.9499999997647
0;0;100;0;100;0;100;0;0;0;6;3343.7499999997644
0;0;100;0;100;0;100;0;0;0;6;3345.549999999764
0;0;100;0;100;0;100;0;0;0;6;3347.349999999764
0;0;100;0;100;0;100;0;0;0;6;3349.1499999997636
0;0;100;0;100;0;100;0;0;0;6;3350.9499999997633
0;0;100;0;100;0;100;0;0;0;6;3352.749999999763
0;0;100;0;100;0;100;0;0;0;6;3354.549999999763
0;0;100;0;100;0;100;0;0;0;6;3356.3499999997625
0;0;100;0;100;0;100;0;0;0;6;3358.1499999997623
0;0;100;0;100;0;100;0;0;0;6;3359.949999999762
0;0;100;0;100;0;100;0;0;0;6;3361.7499999997617
0;0;100;0;100;0;100;0;0;0;6;3363.5499999997614
0;0;100;0;100;0;100;0;0;0;6;3365.349999999761
0;0;100;0;100;0;100;0;0;0;6;3367.149999999761
0;0;100;0;100;0;100;0;0;0;6;3368.9499999997606
0;0;100;0;100;0;100;0;0;0;6;3370.7499999997603
0;0;100;0;100;0;100;0;0;0;6;3372.54999999976
0;0;100;0;100;0;100;0;0;0;6;3374.34999999976
0;0;100;0;100;0;100;0;0;0;6;3376.1499999997595
0;0;100;0;100;0;100;0;0;0;6;3377.9499999997593
0;0;100;0;100;0;100;0;0;0;6;3379.749999999759
0;0;100;0;100;0;50;0;0;0;6;3381.449999999759
0;0;100;0;100;0;0;0;0;0;5;3382.6499999997586
0;0;100;0;100;0;0;0;0;0;4;3363.3499999997584
0;0;100;0;100;0;0;0;0;0;4;3364.5499999997583
0;0;100;0;100;0;0;0;0;0;4;3365.749999999758
0;0;100;0;100;0;0;0;0;0;4;3366.949999999758
0;0;100;0;100;0;0;0;0;0;4;3368.1499999997577
0;0;100;0;100;0;0;0;0;0;4;3369.3499999997575
0;0;100;0;100;0;0;0;0;0;4;3370.5499999997573
0;0;100;0;100;0;0;0;0;0;4;3371.749999999757
0;0;100;0;100;0;0;0;0;0;4;3372.949999999757
0;0;100;0;100;0;0;0;0;0;4;3374.149999999757
0;0;100;0;100;0;0;0;0;0;4;3375.3499999997566
0;0;100;0;100;0;0;0;0;0;4;3376.5499999997564
0;0;100;0;100;0;0;0;0;0;4;3377.7499999997563
0;0;100;0;100;0;0;0;0;0;4;3378.949999999756
0;0;100;0;100;0;0;0;0;0;4;3380.149999999756
0;0;100;0;100;0;0;0;0;0;4;3381.3499999997557
0;0;100;0;100;0;0;0;0;0;4;3382.5499999997555
0;0;100;0;100;0;0;0;0;0;4;3383.7499999997553
0;0;100;0;100;0;0;0;0;0;4;3384.949999999755
0;0;100;0;100;0;0;0;0;0;4;3386.149999999755
0;0;100;0;100;0;0;0;0;0;4;3387.349999999755
0;0;100;0;100;0;0;0;0;0;4;3388.5499999997546
0;0;100;0;100;0;0;0;0;0;4;3389.7499999997544
0;0;100;0;100;0;0;0;0;0;4;3390.9499999997543
0;0;100;0;100;0;0;0;0;0;4;3392.149999999754
0;0;100;0;100;0;0;0;0;0;4;3393.349999999754
0;0;100;0;100;0;0;0;0;0;4;3394.5499999997537
0;0;100;0;100;0;0;0;0;0;4;3395.7499999997535
0;0;100;0;100;0;0;0;0;0;4;3396.9499999997533
0;0;100;0;100;0;0;0;0;0;4;3398.149999999753
0;0;100;0;100;0;0;0;0;0;4;3399.349999999753
0;0;100;0;100;0;0;0;0;0;4;3400.549999999753
0;0;100;0;100;0;0;0;0;0;4;3401.7499999997526
0;0;100;0;100;0;0;0;0;0;4;3402.9499999997524
0;0;100;0;100;0;0;0;0;0;4;3404.1499999997523
0;0;100;0;100;0;0;0;0;0;4;3405.349999999752
0;0;100;0;100;0;0;0;0;0;4;3406.549999999752
0;0;100;0;100;0;0;0;0;0;4;3407.7499999997517
0;0;100;0;100;0;0;0;0;0;4;3408.9499999997515
0;0;100;0;100;0;0;0;0;0;4;3410.1499999997513
0;0;100;0;100;0;0;0;0;0;4;3411.349999999751
0;0;100;0;100;0;0;0;0;0;4;3412.549999999751
0;0;100;0;100;0;0;0;0;0;4;3413.749999999751
0;0;100;0;100;0;0;0;0;0;4;3414.9499999997506
0;0;100;0;100;0;0;0;0;0;4;3416.1499999997504
0;0;100;0;100;0;0;0;0;0;4;3417.3499999997503
0;0;100;0;100;0;0;0;0;0;4;3418.54999999975
0;0;100;0;100;0;0;0;0;0;4;3419.74999999975
0;0;100;0;100;0;0;0;0;0;4;3420.9499999997497
0;0;100;0;100;0;0;0;0;0;4;3422.1499999997495
0;0;100;0;100;0;0;0;0;0;4;3423.3499999997493
0;0;100;0;100;0;0;0;0;0;4;3424.549999999749
0;0;100;0;100;0;0;0;0;0;4;3425.749999999749
0;0;100;0;100;0;0;0;0;0;4;3426.949999999749
0;0;100;0;100;0;0;0;0;0;4;3428.1499999997486
0;0;100;0;100;0;0;0;0;0;4;3429.3499999997484
0;0;100;0;100;0;0;0;0;0;4;3430.5499999997483
0;0;100;0;100;0;0;0;0;0;4;3431.749999999748
0;0;100;0;100;0;0;0;0;0;4;3432.949999999748
0;0;100;0;100;0;0;0;0;0;4;3434.1499999997477
0;0;100;0;100;0;0;0;0;0;4;3435.3499999997475
0;0;100;0;100;0;0;0;0;0;4;3436.5499999997473
0;0;100;0;100;0;0;0;0;0;4;3437.749999999747
0;0;100;0;100;0;0;0;0;0;4;3438.949999999747
0;0;100;0;100;0;0;0;0;0;4;3440.149999999747
0;0;100;0;100;0;0;0;0;0;4;3441.3499999997466
0;0;100;0;100;0;0;0;0;0;4;3442.5499999997464
0;0;100;0;100;0;0;0;0;0;4;3443.7499999997463
0;0;100;0;100;0;0;0;0;0;4;3444.949999999746
0;0;100;0;100;0;0;0;0;0;4;3446.149999999746
0;0;100;0;100;0;0;0;0;0;4;3447.3499999997457
0;0;100;0;100;0;0;0;0;0;4;3448.5499999997455
0;0;100;0;100;0;0;0;0;0;4;3449.7499999997453
0;0;100;0;100;0;0;0;0;0;4;3450.949999999745
0;0;100;0;100;0;0;0;0;0;4;3452.149999999745
0;0;100;0;100;0;0;0;0;0;4;3453.349999999745
0;0;100;0;100;0;0;0;0;0;4;3454.5499999997446
0;0;100;0;100;0;0;0;0;0;4;3455.7499999997444
0;0;100;0;100;0;0;0;0;0;4;3456.9499999997443
0;0;100;0;100;0;0;0;0;0;4;3458.149999999744
0;0;100;0;100;0;0;0;0;0;4;3459.349999999744
0;0;100;0;100;0;0;0;0;0;4;3460.5499999997437
0;0;100;0;100;0;0;0;0;0;4;3461.7499999997435
0;0;100;0;100;0;0;0;0;0;4;3462.9499999997433
0;0;100;0;100;0;0;0;0;0;4;3464.149999999743
0;0;100;0;100;0;0;0;0;0;4;3465.349999999743
0;0;100;0;100;0;0;0;0;0;4;3466.549999999743
0;0;100;0;100;0;0;0;0;0;4;3467.7499999997426
0;0;100;0;100;0;0;0;0;0;4;3468.9499999997424
0;0;100;0;100;0;0;0;0;0;4;3470.1499999997422
0;0;100;0;100;0;0;0;0;0;4;3471.349999999742
0;0;100;0;100;0;0;0;0;0;4;3472.549999999742
0;0;100;0;100;0;0;0;0;0;4;3473.7499999997417
0;0;100;0;100;0;0;0;0;0;4;3474.9499999997415
0;0;100;0;100;0;0;0;0;0;4;3476.1499999997413
0;0;100;0;100;0;0;0;0;0;4;3477.349999999741
0;0;100;0;100;0;0;0;0;0;4;3478.549999999741
0;0;100;0;100;0;0;0;0;0;4;3479.749999999741
0;0;100;0;100;0;0;0;0;0;4;3480.9499999997406
0;0;100;0;100;0;0;0;0;0;4;3482.1499999997404
0;0;100;0;100;0;0;0;0;0;4;3483.3499999997402
0;0;100;0;100;0;0;0;0;0;4;3484.54999999974
0;0;100;0;100;0;0;0;0;0;4;3485.74999999974
0;0;100;0;100;0;0;0;0;0;4;3486.9499999997397
0;0;100;0;100;0;0;0;0;0;4;3488.1499999997395
0;0;100;0;100;0;0;0;0;0;4;3489.3499999997393
0;0;100;0;100;0;0;0;0;0;4;3490.549999999739
0;0;100;0;100;0;0;0;0;0;4;3491.749999999739
0;0;100;0;100;0;0;0;0;0;4;3492.949999999739
0;0;100;0;100;0;0;0;0;0;4;3494.1499999997386
0;0;100;0;100;0;0;0;0;0;4;3495.3499999997384
0;0;100;0;100;0;0;0;0;0;4;3496.5499999997382
0;0;100;0;100;0;0;0;0;0;4;3497.749999999738
0;0;100;0;100;0;0;0;0;0;4;3498.949999999738
0;0;100;0;100;0;0;0;0;0;4;3500.1499999997377
0;0;100;0;100;0;0;0;0;0;4;3501.3499999997375
0;0;100;0;100;0;0;0;0;0;4;3502.5499999997373
0;0;100;0;100;0;0;0;0;0;4;3503.749999999737
0;0;100;0;100;0;0;0;0;0;4;3504.949999999737
0;0;100;0;100;0;0;0;0;0;4;3506.149999999737
0;0;100;0;100;0;0;0;0;0;4;3507.3499999997366
0;0;100;0;100;0;0;0;0;0;4;3508.5499999997364
0;0;100;0;100;0;0;0;0;0;4;3509.7499999997362
0;0;100;0;100;0;0;0;0;0;4;3510.949999999736
0;0;100;0;100;0;0;0;0;0;4;3512.149999999736
0;0;100;0;100;0;0;0;0;0;4;3513.3499999997357
0;0;100;0;100;0;0;0;0;0;4;3514.5499999997355
0;0;100;0;100;0;0;0;0;0;4;3515.7499999997353
0;0;100;0;100;0;0;0;0;0;4;3516.949999999735
0;0;100;0;100;0;0;0;0;0;4;3518.149999999735
0;0;100;0;100;0;0;0;0;0;4;3519.349999999735
0;0;100;0;100;0;0;0;0;0;4;3520.5499999997346
0;0;100;0;100;0;0;0;0;0;4;3521.7499999997344
0;0;100;0;100;0;0;0;0;0;4;3522.9499999997342
0;0;100;0;100;0;0;0;0;0;4;3524.149999999734
0;0;100;0;100;0;0;0;0;0;4;3525.349999999734
0;0;100;0;100;0;0;0;0;0;4;3526.5499999997337
0;0;100;0;100;0;0;0;0;0;4;3527.7499999997335
0;0;100;0;100;0;0;0;0;0;4;3528.9499999997333
0;0;100;0;100;0;0;0;0;0;4;3530.149999999733
0;0;100;0;100;0;0;0;0;0;4;3531.349999999733
0;0;100;0;100;0;0;0;0;0;4;3532.549999999733
0;0;100;0;100;0;0;0;0;0;4;3533.7499999997326
0;0;100;0;100;0;0;0;0;0;4;3534.9499999997324
0;0;100;0;100;0;0;0;0;0;4;3536.1499999997322
0;0;100;0;100;0;0;0;0;0;4;3537.349999999732
0;0;100;0;100;0;0;0;0;0;4;3538.549999999732
0;0;100;0;100;0;0;0;0;0;4;3539.7499999997317
0;0;100;0;100;0;0;0;0;0;4;3540.9499999997315
0;0;100;0;100;0;0;0;0;0;4;3542.1499999997313
0;0;100;0;100;0;0;0;0;0;4;3543.349999999731
0;0;100;0;100;0;0;0;0;0;4;3544.549999999731
0;0;100;0;100;0;0;0;0;0;4;3545.749999999731
0;0;100;0;100;0;0;0;0;0;4;3546.9499999997306
0;0;100;0;100;0;0;0;0;0;4;3548.1499999997304
0;0;100;0;100;0;0;0;0;0;4;3549.3499999997302
0;0;100;0;100;0;0;0;0;0;4;3550.54999999973
0;0;100;0;100;0;0;0;0;0;4;3551.74999999973
0;0;100;0;100;0;0;0;0;0;4;3552.9499999997297
0;0;100;0;100;0;0;0;0;0;4;3554.1499999997295
0;0;100;0;100;0;0;0;0;0;4;3555.3499999997293
0;0;100;0;100;0;0;0;0;0;4;3556.549999999729
0;0;100;0;100;0;0;0;0;0;4;3557.749999999729
0;0;100;0;100;0;0;0;0;0;4;3558.949999999729
0;0;100;0;100;0;0;0;0;0;4;3560.1499999997286
0;0;100;0;100;0;0;0;0;0;4;3561.3499999997284
0;0;100;0;100;0;0;0;0;0;4;3562.5499999997282
0;0;100;0;100;0;0;0;0;0;4;3563.749999999728
0;0;100;0;100;0;0;0;0;0;4;3564.949999999728
0;0;100;0;100;0;0;0;0;0;4;3566.1499999997277
0;0;100;0;100;0;0;0;0;0;4;3567.3499999997275
0;0;100;0;100;0;0;0;0;0;4;3568.5499999997273
0;0;100;0;100;0;0;0;0;0;4;3569.749999999727
0;0;100;0;100;0;0;0;0;0;4;3570.949999999727
0;0;100;0;100;0;0;0;0;0;4;3572.149999999727
0;0;100;0;100;0;0;0;0;0;4;3573.3499999997266
0;0;100;0;100;0;0;0;0;0;4;3574.5499999997264
0;0;100;0;100;0;0;0;0;0;4;3575.7499999997262
0;0;100;0;100;0;0;0;0;0;4;3576.949999999726
0;0;100;0;100;0;0;0;0;0;4;3578.149999999726
0;0;100;0;100;0;0;0;0;0;4;3579.3499999997257
0;0;100;0;100;0;0;0;0;0;4;3580.5499999997255
0;0;100;0;100;0;0;0;0;0;4;3581.7499999997253
0;0;100;0;100;0;0;0;0;0;4;3582.949999999725
0;0;100;0;100;0;0;0;0;0;4;3584.149999999725
0;0;100;0;100;0;0;0;0;0;4;3585.349999999725
0;0;100;0;100;0;0;0;0;0;4;3586.5499999997246
0;0;100;0;100;0;0;0;0;0;4;3587.7499999997244
0;0;100;0;100;0;0;0;0;0;4;3588.9499999997242
0;0;100;0;100;0;0;0;0;0;4;3590.149999999724
0;0;100;0;100;0;0;0;0;0;4;3591.349999999724
0;0;100;0;100;0;0;0;0;0;4;3592.5499999997237
0;0;100;0;100;0;0;0;0;0;4;3593.7499999997235
0;0;100;0;100;0;0;0;0;0;4;3594.9499999997233
0;0;100;0;100;0;0;0;0;0;4;3596.149999999723
0;0;100;0;100;0;0;0;0;0;4;3597.349999999723
0;0;100;0;100;0;0;0;0;0;4;3598.549999999723
0;0;100;0;100;0;0;0;0;0;4;3599.7499999997226
0;0;100;0;100;0;0;0;0;0;4;3600.9499999997224
0;0;100;0;100;0;0;0;0;0;4;3602.1499999997222
0;0;100;0;100;0;0;0;0;0;4;3603.349999999722
0;0;100;0;100;0;0;0;0;0;4;3604.549999999722
0;0;100;0;100;0;0;0;0;0;4;3605.7499999997217
0;0;100;0;100;0;0;0;0;0;4;3606.9499999997215
0;0;100;0;100;0;0;0;0;0;4;3608.1499999997213
0;0;100;0;100;0;0;0;0;0;4;3609.349999999721
0;0;100;0;100;0;0;0;0;0;4;3610.549999999721
0;0;100;0;100;0;0;0;0;0;4;3611.749999999721
0;0;100;0;100;0;0;0;0;0;4;3612.9499999997206
0;0;100;0;100;0;0;0;0;0;4;3614.1499999997204
0;0;100;0;100;0;0;0;0;0;4;3615.3499999997202
0;0;100;0;100;0;0;0;0;0;4;3616.54999999972
0;0;100;0;100;0;0;0;0;0;4;3617.74999999972
0;0;100;0;100;0;0;0;0;0;4;3618.9499999997197
0;0;100;0;100;0;0;0;0;0;4;3620.1499999997195
0;0;100;0;100;0;0;0;0;0;4;3621.3499999997193
0;0;100;0;100;0;0;0;0;0;4;3622.549999999719
0;0;100;0;100;0;0;0;0;0;4;3623.749999999719
0;0;100;0;100;0;0;0;0;0;4;3624.949999999719
0;0;100;0;100;0;0;0;0;0;4;3626.1499999997186
0;0;100;0;100;0;0;0;0;0;4;3627.3499999997184
0;0;100;0;100;0;0;0;0;0;4;3628.5499999997182
0;0;100;0;100;0;0;0;0;0;4;3629.749999999718
0;0;100;0;100;0;0;0;0;0;4;3630.949999999718
0;0;100;0;100;0;0;0;0;0;4;3632.1499999997177
0;0;100;0;100;0;0;0;0;0;4;3633.3499999997175
0;0;100;0;100;0;0;0;0;0;4;3634.5499999997173
0;0;100;0;100;0;0;0;0;0;4;3635.749999999717
0;0;100;0;100;0;0;0;0;0;4;3636.949999999717
0;0;100;0;100;0;0;0;0;0;4;3638.149999999717
0;0;100;0;100;0;0;0;0;0;4;3639.3499999997166
0;0;100;0;100;0;0;0;0;0;4;3640.5499999997164
0;0;100;0;100;0;0;0;0;0;4;3641.7499999997162
0;0;100;0;100;0;0;0;0;0;4;3642.949999999716
0;0;100;0;100;0;0;0;0;0;4;3644.149999999716
0;0;100;0;100;0;0;0;0;0;4;3645.3499999997157
0;0;100;0;100;0;0;0;0;0;4;3646.5499999997155
0;0;100;0;100;0;0;0;0;0;4;3647.7499999997153
0;0;100;0;100;0;0;0;0;0;4;3648.949999999715
0;0;100;0;100;0;0;0;0;0;4;3650.149999999715
0;0;100;0;100;0;0;0;0;0;4;3651.349999999715
0;0;100;0;100;0;0;0;0;0;4;3652.5499999997146
0;0;100;0;100;0;0;0;0;0;4;3653.7499999997144
0;0;100;0;100;0;0;0;0;0;4;3654.9499999997142
0;0;100;0;100;0;0;0;0;0;4;3656.149999999714
0;0;100;0;100;0;0;0;0;0;4;3657.349999999714
0;0;100;0;100;0;0;0;0;0;4;3658.5499999997137
0;0;100;0;100;0;0;0;0;0;4;3659.7499999997135
0;0;100;0;100;0;0;0;0;0;4;3660.9499999997133
0;0;100;0;100;0;0;0;0;0;4;3662.149999999713
0;0;100;0;100;0;0;0;0;0;4;3663.349999999713
0;0;100;0;100;0;0;0;0;0;4;3664.549999999713
0;0;100;0;100;0;0;0;0;0;4;3665.7499999997126
0;0;100;0;100;0;0;0;0;0;4;3666.9499999997124
0;0;100;0;100;0;0;0;0;0;4;3668.1499999997122
0;0;100;0;100;0;0;0;0;0;4;3669.349999999712
0;0;100;0;100;0;0;0;0;0;4;3670.549999999712
0;0;100;0;100;0;0;0;0;0;4;3671.7499999997117
0;0;100;0;100;0;0;0;0;0;4;3672.9499999997115
0;0;100;0;100;0;0;0;0;0;4;3674.1499999997113
0;0;100;0;100;0;0;0;0;0;4;3675.349999999711
0;0;100;0;100;0;0;0;0;0;4;3676.549999999711
0;0;100;0;100;0;0;0;0;0;4;3677.749999999711
0;0;100;0;100;0;0;0;0;0;4;3678.9499999997106
0;0;100;0;100;0;0;0;0;0;4;3680.1499999997104
0;0;0;0;100;0;0;0;0;0;3;3680.7499999997103
0;0;0;0;100;0;0;0;0;0;2;3660.8499999997102
0;0;0;0;-3980;0;0;0;0;0;1;3660.8499999997102
0;0;0;0;0;0;0;0;0;0;0;3640.3499999997102
0;0;0;0;0;0;0;0;0;0;950;0.0
0;0;0;0;0;0;0;0;0;0;900;0.0
0;0;0;0;0;0;0;0;0;0;850;0.0
0;0;0;0;0;0;0;0;0;0;800;0.0
0;0;0;0;0;0;0;0;0;0;760;0.0
0;0;0;0;0;0;0;0;0;0;720;0.0
0;0;0;0;0;0;0;0;0;0;680;0.0
0;0;0;0;0;0;0;0;0;0;640;0.0
0;0;0;0;0;0;0;0;0;0;600;0.0
0;0;0;0;0;0;0;0;0;0;570;0.0
0;0;0;0;0;0;0;0;0;0;950;0.0
0;0;0;0;0;0;0;0;0;0;900;0.0
0;0;0;0;0;0;0;0;0;0;850;0.0
0;0;0;0;0;0;0;0;0;0;800;0.0
0;0;0;0;0;0;0;0;0;0;760;0.0
